0 2.025
1.99999 2.025
2.0 2.0
2.0083233333333332 2.0
2.0083333333333333 2.05
2.0166566666666665 2.05
2.0166666666666666 2.001
2.02499 2.001
2.025 2.051
2.033323333333333 2.051
2.033333333333333 2.002
2.0416566666666665 2.002
2.0416666666666665 2.052
2.0499899999999998 2.052
2.05 2.003
2.058323333333333 2.003
2.058333333333333 2.053
2.0666566666666664 2.053
2.0666666666666664 2.004
2.0749899999999997 2.004
2.0749999999999997 2.054
2.083323333333333 2.054
2.083333333333333 2.005
2.0916566666666663 2.005
2.0916666666666663 2.055
2.0999899999999996 2.055
2.0999999999999996 2.006
2.108323333333333 2.006
2.108333333333333 2.056
2.116656666666666 2.056
2.1166666666666663 2.007
2.1249899999999995 2.007
2.1249999999999996 2.057
2.133323333333333 2.057
2.133333333333333 2.008
2.141656666666666 2.008
2.141666666666666 2.058
2.1499899999999994 2.058
2.1499999999999995 2.009
2.1583233333333327 2.009
2.1583333333333328 2.059
2.166656666666666 2.059
2.166666666666666 2.01
2.1749899999999993 2.01
2.1749999999999994 2.06
2.1833233333333326 2.06
2.1833333333333327 2.011
2.191656666666666 2.011
2.191666666666666 2.061
2.1999899999999992 2.061
2.1999999999999993 2.012
2.2083233333333325 2.012
2.2083333333333326 2.062
2.216656666666666 2.062
2.216666666666666 2.013
2.224989999999999 2.013
2.224999999999999 2.063
2.2333233333333324 2.063
2.2333333333333325 2.014
2.2416566666666657 2.014
2.241666666666666 2.064
2.249989999999999 2.064
2.249999999999999 2.015
2.2583233333333324 2.015
2.2583333333333324 2.065
2.2666566666666657 2.065
2.2666666666666657 2.016
2.274989999999999 2.016
2.274999999999999 2.066
2.2833233333333323 2.066
2.2833333333333323 2.017
2.2916566666666656 2.017
2.2916666666666656 2.067
2.299989999999999 2.067
2.299999999999999 2.018
2.308323333333332 2.018
2.3083333333333322 2.068
2.3166566666666655 2.068
2.3166666666666655 2.019
2.324989999999999 2.019
2.324999999999999 2.069
2.333323333333332 2.069
2.333333333333332 2.02
2.3416566666666654 2.02
2.3416666666666655 2.07
2.3499899999999987 2.07
2.3499999999999988 2.021
2.358323333333332 2.021
2.358333333333332 2.071
2.3666566666666653 2.071
2.3666666666666654 2.022
2.3749899999999986 2.022
2.3749999999999987 2.072
2.383323333333332 2.072
2.383333333333332 2.023
2.391656666666665 2.023
2.3916666666666653 2.073
2.3999899999999985 2.073
2.3999999999999986 2.024
2.408323333333332 2.024
2.408333333333332 2.074
2.416656666666665 2.074
2.416666666666665 2.025
2.4249899999999984 2.025
2.4249999999999985 2.075
2.4333233333333317 2.075
2.433333333333332 2.026
2.441656666666665 2.026
2.441666666666665 2.076
2.4499899999999983 2.076
2.4499999999999984 2.027
2.4583233333333316 2.027
2.4583333333333317 2.077
2.466656666666665 2.077
2.466666666666665 2.028
2.4749899999999982 2.028
2.4749999999999983 2.078
2.4833233333333316 2.078
2.4833333333333316 2.029
2.491656666666665 2.029
2.491666666666665 2.079
2.499989999999998 2.079
2.4999999999999982 2.03
2.5083233333333315 2.03
2.5083333333333315 2.08
2.5166566666666648 2.08
2.516666666666665 2.031
2.524989999999998 2.031
2.524999999999998 2.081
2.5333233333333314 2.081
2.5333333333333314 2.032
2.5416566666666647 2.032
2.5416666666666647 2.082
2.549989999999998 2.082
2.549999999999998 2.033
2.5583233333333313 2.033
2.5583333333333313 2.083
2.5666566666666646 2.083
2.5666666666666647 2.034
2.574989999999998 2.034
2.574999999999998 2.084
2.583323333333331 2.084
2.5833333333333313 2.035
2.5916566666666645 2.035
2.5916666666666646 2.085
2.599989999999998 2.085
2.599999999999998 2.036
2.608323333333331 2.036
2.608333333333331 2.086
2.6166566666666644 2.086
2.6166666666666645 2.037
2.6249899999999977 2.037
2.624999999999998 2.087
2.633323333333331 2.087
2.633333333333331 2.038
2.6416566666666643 2.038
2.6416666666666644 2.088
2.6499899999999976 2.088
2.6499999999999977 2.039
2.658323333333331 2.039
2.658333333333331 2.089
2.6666566666666642 2.089
2.6666666666666643 2.04
2.6749899999999975 2.04
2.6749999999999976 2.09
2.683323333333331 2.09
2.683333333333331 2.041
2.691656666666664 2.041
2.691666666666664 2.091
2.6999899999999974 2.091
2.6999999999999975 2.042
2.7083233333333308 2.042
2.708333333333331 2.092
2.716656666666664 2.092
2.716666666666664 2.043
2.7249899999999974 2.043
2.7249999999999974 2.093
2.7333233333333307 2.093
2.7333333333333307 2.044
2.741656666666664 2.044
2.741666666666664 2.094
2.7499899999999973 2.094
2.7499999999999973 2.045
2.7583233333333306 2.045
2.7583333333333306 2.095
2.766656666666664 2.095
2.766666666666664 2.046
2.774989999999997 2.046
2.7749999999999972 2.096
2.7833233333333305 2.096
2.7833333333333306 2.047
2.791656666666664 2.047
2.791666666666664 2.097
2.799989999999997 2.097
2.799999999999997 2.048
2.8083233333333304 2.048
2.8083333333333305 2.098
2.8166566666666637 2.098
2.8166666666666638 2.049
2.824989999999997 2.049
2.824999999999997 2.099
2.8333233333333303 2.099
2.8333333333333304 2.05
2.8416566666666636 2.05
2.8416666666666637 2.1
2.849989999999997 2.1
2.849999999999997 2.051
2.85832333333333 2.051
2.8583333333333303 2.101
2.8666566666666635 2.101
2.8666666666666636 2.052
2.874989999999997 2.052
2.874999999999997 2.102
2.88332333333333 2.102
2.88333333333333 2.053
2.8916566666666634 2.053
2.8916666666666635 2.103
2.8999899999999967 2.103
2.899999999999997 2.054
2.90832333333333 2.054
2.90833333333333 2.104
2.9166566666666633 2.104
2.9166666666666634 2.055
2.9249899999999966 2.055
2.9249999999999967 2.105
2.93332333333333 2.105
2.93333333333333 2.056
2.9416566666666633 2.056
2.9416666666666633 2.106
2.9499899999999966 2.106
2.9499999999999966 2.057
2.95832333333333 2.057
2.95833333333333 2.107
2.966656666666663 2.107
2.9666666666666632 2.058
2.9749899999999965 2.058
2.9749999999999965 2.108
2.9833233333333298 2.108
2.98333333333333 2.059
2.991656666666663 2.059
2.991666666666663 2.109
2.9999899999999964 2.109
2.9999999999999964 2.06
3.0083233333333297 2.06
3.0083333333333298 2.11
3.016656666666663 2.11
3.016666666666663 2.061
3.0249899999999963 2.061
3.0249999999999964 2.111
3.0333233333333296 2.111
3.0333333333333297 2.062
3.041656666666663 2.062
3.041666666666663 2.112
3.049989999999996 2.112
3.0499999999999963 2.063
3.0583233333333295 2.063
3.0583333333333296 2.113
3.066656666666663 2.113
3.066666666666663 2.064
3.074989999999996 2.064
3.074999999999996 2.114
3.0833233333333294 2.114
3.0833333333333295 2.065
3.0916566666666627 2.065
3.091666666666663 2.115
3.099989999999996 2.115
3.099999999999996 2.066
3.1083233333333293 2.066
3.1083333333333294 2.116
3.1166566666666626 2.116
3.1166666666666627 2.067
3.124989999999996 2.067
3.124999999999996 2.117
3.1333233333333292 2.117
3.1333333333333293 2.068
3.1416566666666625 2.068
3.1416666666666626 2.118
3.149989999999996 2.118
3.149999999999996 2.069
3.158323333333329 2.069
3.158333333333329 2.1189999999999998
3.1666566666666625 2.1189999999999998
3.1666666666666625 2.07
3.1749899999999958 2.07
3.174999999999996 2.12
3.183323333333329 2.12
3.183333333333329 2.071
3.1916566666666624 2.071
3.1916666666666624 2.121
3.1999899999999957 2.121
3.1999999999999957 2.072
3.208323333333329 2.072
3.208333333333329 2.122
3.2166566666666623 2.122
3.2166666666666623 2.073
3.2249899999999956 2.073
3.2249999999999956 2.123
3.233323333333329 2.123
3.233333333333329 2.074
3.241656666666662 2.074
3.2416666666666623 2.124
3.2499899999999955 2.124
3.2499999999999956 2.075
3.258323333333329 2.075
3.258333333333329 2.125
3.266656666666662 2.125
3.266666666666662 2.076
3.2749899999999954 2.076
3.2749999999999955 2.126
3.2833233333333287 2.126
3.2833333333333288 2.077
3.291656666666662 2.077
3.291666666666662 2.127
3.2999899999999953 2.127
3.2999999999999954 2.078
3.3083233333333286 2.078
3.3083333333333287 2.128
3.316656666666662 2.128
3.316666666666662 2.079
3.3249899999999952 2.079
3.3249999999999953 2.129
3.3333233333333285 2.129
3.3333333333333286 2.08
3.341656666666662 2.08
3.341666666666662 2.13
3.349989999999995 2.13
3.349999999999995 2.081
3.3583233333333284 2.081
3.3583333333333285 2.1310000000000002
3.3666566666666617 2.1310000000000002
3.366666666666662 2.082
3.374989999999995 2.082
3.374999999999995 2.132
3.3833233333333284 2.132
3.3833333333333284 2.083
3.3916566666666617 2.083
3.3916666666666617 2.133
3.399989999999995 2.133
3.399999999999995 2.084
3.4083233333333283 2.084
3.4083333333333283 2.134
3.4166566666666616 2.134
3.4166666666666616 2.085
3.424989999999995 2.085
3.424999999999995 2.135
3.433323333333328 2.135
3.4333333333333282 2.086
3.4416566666666615 2.086
3.4416666666666615 2.136
3.449989999999995 2.136
3.449999999999995 2.087
3.458323333333328 2.087
3.458333333333328 2.137
3.4666566666666614 2.137
3.4666666666666615 2.088
3.4749899999999947 2.088
3.4749999999999948 2.138
3.483323333333328 2.138
3.483333333333328 2.089
3.4916566666666613 2.089
3.4916666666666614 2.1390000000000002
3.4999899999999946 2.1390000000000002
3.4999999999999947 2.09
3.508323333333328 2.09
3.508333333333328 2.14
3.516656666666661 2.14
3.5166666666666613 2.091
3.5249899999999945 2.091
3.5249999999999946 2.141
3.533323333333328 2.141
3.533333333333328 2.092
3.541656666666661 2.092
3.541666666666661 2.142
3.5499899999999944 2.142
3.5499999999999945 2.093
3.5583233333333277 2.093
3.558333333333328 2.143
3.566656666666661 2.143
3.566666666666661 2.094
3.5749899999999943 2.094
3.5749999999999944 2.144
3.5833233333333276 2.144
3.5833333333333277 2.095
3.591656666666661 2.095
3.591666666666661 2.145
3.5999899999999943 2.145
3.5999999999999943 2.096
3.6083233333333276 2.096
3.6083333333333276 2.146
3.616656666666661 2.146
3.616666666666661 2.097
3.624989999999994 2.097
3.6249999999999942 2.147
3.6333233333333275 2.147
3.6333333333333275 2.098
3.6416566666666608 2.098
3.641666666666661 2.148
3.649989999999994 2.148
3.649999999999994 2.099
3.6583233333333274 2.099
3.6583333333333274 2.149
3.6666566666666607 2.149
3.6666666666666607 2.1
3.674989999999994 2.1
3.674999999999994 2.15
3.6833233333333273 2.15
3.6833333333333274 2.101
3.6916566666666606 2.101
3.6916666666666607 2.151
3.699989999999994 2.151
3.699999999999994 2.102
3.708323333333327 2.102
3.7083333333333273 2.152
3.7166566666666605 2.152
3.7166666666666606 2.103
3.724989999999994 2.103
3.724999999999994 2.153
3.733323333333327 2.153
3.733333333333327 2.104
3.7416566666666604 2.104
3.7416666666666605 2.154
3.7499899999999937 2.154
3.749999999999994 2.105
3.758323333333327 2.105
3.758333333333327 2.155
3.7666566666666603 2.155
3.7666666666666604 2.106
3.7749899999999936 2.106
3.7749999999999937 2.156
3.783323333333327 2.156
3.783333333333327 2.107
3.7916566666666602 2.107
3.7916666666666603 2.157
3.7999899999999935 2.157
3.7999999999999936 2.108
3.808323333333327 2.108
3.808333333333327 2.158
3.81665666666666 2.158
3.81666666666666 2.109
3.8249899999999935 2.109
3.8249999999999935 2.159
3.8333233333333268 2.159
3.833333333333327 2.11
3.84165666666666 2.11
3.84166666666666 2.16
3.8499899999999934 2.16
3.8499999999999934 2.111
3.8583233333333267 2.111
3.8583333333333267 2.161
3.86665666666666 2.161
3.86666666666666 2.112
3.8749899999999933 2.112
3.8749999999999933 2.162
3.8833233333333266 2.162
3.8833333333333266 2.113
3.89165666666666 2.113
3.89166666666666 2.163
3.899989999999993 2.163
3.8999999999999932 2.114
3.9083233333333265 2.114
3.9083333333333266 2.164
3.91665666666666 2.164
3.91666666666666 2.115
3.924989999999993 2.115
3.924999999999993 2.165
3.9333233333333264 2.165
3.9333333333333265 2.116
3.9416566666666597 2.116
3.9416666666666598 2.166
3.949989999999993 2.166
3.949999999999993 2.117
3.9583233333333263 2.117
3.9583333333333264 2.167
3.9666566666666596 2.167
3.9666666666666597 2.118
3.974989999999993 2.118
3.974999999999993 2.168
3.983323333333326 2.168
3.9833333333333263 2.1189999999999998
3.9916566666666595 2.1189999999999998
3.9916666666666596 2.169
3.999989999999993 2.169
3.999999999999993 2.12
4.008323333333327 2.12
4.008333333333327 2.17
4.016656666666661 2.17
4.01666666666666 2.121
4.0249899999999945 2.121
4.024999999999994 2.171
4.033323333333328 2.171
4.033333333333328 2.122
4.041656666666662 2.122
4.041666666666662 2.172
4.049989999999996 2.172
4.049999999999995 2.123
4.0583233333333295 2.123
4.058333333333329 2.173
4.066656666666663 2.173
4.066666666666663 2.124
4.074989999999997 2.124
4.074999999999997 2.174
4.083323333333331 2.174
4.08333333333333 2.125
4.0916566666666645 2.125
4.091666666666664 2.175
4.099989999999998 2.175
4.099999999999998 2.126
4.108323333333332 2.126
4.108333333333332 2.176
4.116656666666666 2.176
4.116666666666665 2.127
4.1249899999999995 2.127
4.124999999999999 2.177
4.133323333333333 2.177
4.133333333333333 2.128
4.141656666666667 2.128
4.141666666666667 2.178
4.149990000000001 2.178
4.15 2.129
4.1583233333333345 2.129
4.158333333333334 2.179
4.166656666666668 2.179
4.166666666666668 2.13
4.174990000000002 2.13
4.175000000000002 2.18
4.183323333333336 2.18
4.183333333333335 2.1310000000000002
4.1916566666666695 2.1310000000000002
4.191666666666669 2.181
4.199990000000003 2.181
4.200000000000003 2.132
4.208323333333337 2.132
4.208333333333337 2.182
4.216656666666671 2.182
4.21666666666667 2.133
4.2249900000000045 2.133
4.225000000000004 2.183
4.233323333333338 2.183
4.233333333333338 2.134
4.241656666666672 2.134
4.241666666666672 2.184
4.249990000000006 2.184
4.250000000000005 2.135
4.2583233333333395 2.135
4.258333333333339 2.185
4.266656666666673 2.185
4.266666666666673 2.136
4.274990000000007 2.136
4.275000000000007 2.186
4.283323333333341 2.186
4.28333333333334 2.137
4.2916566666666744 2.137
4.291666666666674 2.187
4.299990000000008 2.187
4.300000000000008 2.138
4.308323333333342 2.138
4.308333333333342 2.188
4.316656666666676 2.188
4.316666666666675 2.1390000000000002
4.324990000000009 2.1390000000000002
4.325000000000009 2.189
4.333323333333343 2.189
4.333333333333343 2.14
4.341656666666677 2.14
4.3416666666666766 2.19
4.349990000000011 2.19
4.35000000000001 2.141
4.358323333333344 2.141
4.358333333333344 2.191
4.366656666666678 2.191
4.366666666666678 2.142
4.374990000000012 2.142
4.3750000000000115 2.192
4.383323333333346 2.192
4.383333333333345 2.143
4.391656666666679 2.143
4.391666666666679 2.193
4.399990000000013 2.193
4.400000000000013 2.144
4.408323333333347 2.144
4.4083333333333465 2.194
4.416656666666681 2.194
4.41666666666668 2.145
4.424990000000014 2.145
4.425000000000014 2.195
4.433323333333348 2.195
4.433333333333348 2.146
4.441656666666682 2.146
4.4416666666666815 2.196
4.449990000000016 2.196
4.450000000000015 2.147
4.458323333333349 2.147
4.458333333333349 2.197
4.466656666666683 2.197
4.466666666666683 2.148
4.474990000000017 2.148
4.4750000000000165 2.198
4.483323333333351 2.198
4.48333333333335 2.149
4.491656666666684 2.149
4.491666666666684 2.199
4.499990000000018 2.199
4.500000000000018 2.15
4.508323333333352 2.15
4.5083333333333515 2.2
4.516656666666686 2.2
4.516666666666685 2.151
4.524990000000019 2.151
4.525000000000019 2.201
4.533323333333353 2.201
4.533333333333353 2.152
4.541656666666687 2.152
4.5416666666666865 2.202
4.549990000000021 2.202
4.55000000000002 2.153
4.558323333333354 2.153
4.558333333333354 2.203
4.566656666666688 2.203
4.566666666666688 2.154
4.574990000000022 2.154
4.5750000000000215 2.204
4.583323333333356 2.204
4.583333333333355 2.155
4.591656666666689 2.155
4.591666666666689 2.205
4.599990000000023 2.205
4.600000000000023 2.156
4.608323333333357 2.156
4.6083333333333565 2.206
4.616656666666691 2.206
4.61666666666669 2.157
4.624990000000024 2.157
4.625000000000024 2.207
4.633323333333358 2.207
4.633333333333358 2.158
4.641656666666692 2.158
4.6416666666666915 2.208
4.649990000000026 2.208
4.650000000000025 2.159
4.658323333333359 2.159
4.658333333333359 2.209
4.666656666666693 2.209
4.666666666666693 2.16
4.674990000000027 2.16
4.6750000000000265 2.21
4.683323333333361 2.21
4.68333333333336 2.161
4.691656666666694 2.161
4.691666666666694 2.211
4.699990000000028 2.211
4.700000000000028 2.162
4.708323333333362 2.162
4.7083333333333615 2.212
4.716656666666696 2.212
4.716666666666695 2.163
4.724990000000029 2.163
4.725000000000029 2.213
4.733323333333363 2.213
4.733333333333363 2.164
4.741656666666697 2.164
4.7416666666666965 2.214
4.749990000000031 2.214
4.75000000000003 2.165
4.758323333333364 2.165
4.758333333333364 2.215
4.766656666666698 2.215
4.766666666666698 2.166
4.774990000000032 2.166
4.775000000000031 2.216
4.783323333333366 2.216
4.783333333333365 2.167
4.791656666666699 2.167
4.791666666666699 2.217
4.799990000000033 2.217
4.800000000000033 2.168
4.808323333333367 2.168
4.808333333333366 2.218
4.816656666666701 2.218
4.8166666666667 2.169
4.824990000000034 2.169
4.825000000000034 2.219
4.833323333333368 2.219
4.833333333333368 2.17
4.841656666666702 2.17
4.841666666666701 2.22
4.8499900000000356 2.22
4.850000000000035 2.171
4.858323333333369 2.171
4.858333333333369 2.221
4.866656666666703 2.221
4.866666666666703 2.172
4.874990000000037 2.172
4.875000000000036 2.222
4.8833233333333705 2.222
4.88333333333337 2.173
4.891656666666704 2.173
4.891666666666704 2.223
4.899990000000038 2.223
4.900000000000038 2.174
4.908323333333372 2.174
4.908333333333371 2.224
4.9166566666667055 2.224
4.916666666666705 2.175
4.924990000000039 2.175
4.925000000000039 2.225
4.933323333333373 2.225
4.933333333333373 2.176
4.941656666666707 2.176
4.941666666666706 2.226
4.9499900000000405 2.226
4.95000000000004 2.177
4.958323333333374 2.177
4.958333333333374 2.227
4.966656666666708 2.227
4.966666666666708 2.178
4.974990000000042 2.178
4.975000000000041 2.228
4.9833233333333755 2.228
4.983333333333375 2.179
4.991656666666709 2.179
4.991666666666709 2.229
4.999990000000043 2.229
5.000000000000043 2.18
5.008323333333377 2.18
5.008333333333376 2.23
5.0166566666667105 2.23
5.01666666666671 2.181
5.024990000000044 2.181
5.025000000000044 2.231
5.033323333333378 2.231
5.033333333333378 2.182
5.041656666666712 2.182
5.041666666666711 2.232
5.0499900000000455 2.232
5.050000000000045 2.183
5.058323333333379 2.183
5.058333333333379 2.233
5.066656666666713 2.233
5.066666666666713 2.184
5.074990000000047 2.184
5.075000000000046 2.234
5.0833233333333805 2.234
5.08333333333338 2.185
5.091656666666714 2.185
5.091666666666714 2.235
5.099990000000048 2.235
5.100000000000048 2.186
5.108323333333382 2.186
5.108333333333381 2.2359999999999998
5.1166566666667155 2.2359999999999998
5.116666666666715 2.187
5.124990000000049 2.187
5.125000000000049 2.237
5.133323333333383 2.237
5.133333333333383 2.188
5.141656666666717 2.188
5.141666666666716 2.238
5.1499900000000505 2.238
5.15000000000005 2.189
5.158323333333384 2.189
5.158333333333384 2.239
5.166656666666718 2.239
5.166666666666718 2.19
5.174990000000052 2.19
5.175000000000051 2.24
5.1833233333333855 2.24
5.183333333333385 2.191
5.191656666666719 2.191
5.191666666666719 2.241
5.199990000000053 2.241
5.200000000000053 2.192
5.208323333333387 2.192
5.208333333333386 2.242
5.2166566666667205 2.242
5.21666666666672 2.193
5.224990000000054 2.193
5.225000000000054 2.243
5.233323333333388 2.243
5.233333333333388 2.194
5.241656666666722 2.194
5.241666666666721 2.2439999999999998
5.2499900000000554 2.2439999999999998
5.250000000000055 2.195
5.258323333333389 2.195
5.258333333333389 2.245
5.266656666666723 2.245
5.266666666666723 2.196
5.274990000000057 2.196
5.275000000000056 2.246
5.28332333333339 2.246
5.28333333333339 2.197
5.291656666666724 2.197
5.291666666666724 2.247
5.299990000000058 2.247
5.3000000000000576 2.198
5.308323333333392 2.198
5.308333333333391 2.248
5.316656666666725 2.248
5.316666666666725 2.199
5.324990000000059 2.199
5.325000000000059 2.249
5.333323333333393 2.249
5.3333333333333925 2.2
5.341656666666727 2.2
5.341666666666726 2.25
5.34999000000006 2.25
5.35000000000006 2.201
5.358323333333394 2.201
5.358333333333394 2.251
5.366656666666728 2.251
5.3666666666667275 2.202
5.374990000000062 2.202
5.375000000000061 2.252
5.383323333333395 2.252
5.383333333333395 2.203
5.391656666666729 2.203
5.391666666666729 2.253
5.399990000000063 2.253
5.4000000000000625 2.204
5.408323333333397 2.204
5.408333333333396 2.254
5.41665666666673 2.254
5.41666666666673 2.205
5.424990000000064 2.205
5.425000000000064 2.255
5.433323333333398 2.255
5.4333333333333975 2.206
5.441656666666732 2.206
5.441666666666731 2.2560000000000002
5.449990000000065 2.2560000000000002
5.450000000000065 2.207
5.458323333333399 2.207
5.458333333333399 2.257
5.466656666666733 2.257
5.4666666666667325 2.208
5.474990000000067 2.208
5.475000000000066 2.258
5.4833233333334 2.258
5.4833333333334 2.209
5.491656666666734 2.209
5.491666666666734 2.259
5.499990000000068 2.259
5.5000000000000675 2.21
5.508323333333402 2.21
5.508333333333401 2.26
5.516656666666735 2.26
5.516666666666735 2.211
5.524990000000069 2.211
5.525000000000069 2.261
5.533323333333403 2.261
5.5333333333334025 2.212
5.541656666666737 2.212
5.541666666666736 2.262
5.54999000000007 2.262
5.55000000000007 2.213
5.558323333333404 2.213
5.558333333333404 2.263
5.566656666666738 2.263
5.5666666666667375 2.214
5.574990000000072 2.214
5.575000000000071 2.2640000000000002
5.583323333333405 2.2640000000000002
5.583333333333405 2.215
5.591656666666739 2.215
5.591666666666739 2.265
5.599990000000073 2.265
5.6000000000000725 2.216
5.608323333333407 2.216
5.608333333333406 2.266
5.61665666666674 2.266
5.61666666666674 2.217
5.624990000000074 2.217
5.625000000000074 2.267
5.633323333333408 2.267
5.6333333333334075 2.218
5.641656666666742 2.218
5.641666666666741 2.268
5.649990000000075 2.268
5.650000000000075 2.219
5.658323333333409 2.219
5.658333333333409 2.269
5.666656666666743 2.269
5.6666666666667425 2.22
5.674990000000077 2.22
5.675000000000076 2.27
5.68332333333341 2.27
5.68333333333341 2.221
5.691656666666744 2.221
5.691666666666744 2.271
5.699990000000078 2.271
5.7000000000000774 2.222
5.708323333333412 2.222
5.708333333333411 2.2720000000000002
5.716656666666745 2.2720000000000002
5.716666666666745 2.223
5.724990000000079 2.223
5.725000000000079 2.273
5.733323333333413 2.273
5.733333333333412 2.224
5.741656666666747 2.224
5.741666666666746 2.274
5.74999000000008 2.274
5.75000000000008 2.225
5.758323333333414 2.225
5.758333333333414 2.275
5.766656666666748 2.275
5.766666666666747 2.226
5.774990000000082 2.226
5.775000000000081 2.276
5.783323333333415 2.276
5.783333333333415 2.227
5.791656666666749 2.227
5.791666666666749 2.277
5.799990000000083 2.277
5.800000000000082 2.228
5.8083233333334165 2.228
5.808333333333416 2.278
5.81665666666675 2.278
5.81666666666675 2.229
5.824990000000084 2.229
5.825000000000084 2.279
5.833323333333418 2.279
5.833333333333417 2.23
5.8416566666667515 2.23
5.841666666666751 2.2800000000000002
5.849990000000085 2.2800000000000002
5.850000000000085 2.231
5.858323333333419 2.231
5.858333333333419 2.281
5.866656666666753 2.281
5.866666666666752 2.232
5.8749900000000865 2.232
5.875000000000086 2.282
5.88332333333342 2.282
5.88333333333342 2.233
5.891656666666754 2.233
5.891666666666754 2.283
5.899990000000088 2.283
5.900000000000087 2.234
5.9083233333334215 2.234
5.908333333333421 2.284
5.916656666666755 2.284
5.916666666666755 2.235
5.924990000000089 2.235
5.925000000000089 2.285
5.933323333333423 2.285
5.933333333333422 2.2359999999999998
5.9416566666667565 2.2359999999999998
5.941666666666756 2.286
5.94999000000009 2.286
5.95000000000009 2.237
5.958323333333424 2.237
5.958333333333424 2.287
5.966656666666758 2.287
5.966666666666757 2.238
5.9749900000000915 2.238
5.975000000000091 2.288
5.983323333333425 2.288
5.983333333333425 2.239
5.991656666666759 2.239
5.991666666666759 2.289
5.999990000000093 2.289
6.000000000000092 2.24
6.0083233333334265 2.24
6.008333333333426 2.29
6.01665666666676 2.29
6.01666666666676 2.241
6.024990000000094 2.241
6.025000000000094 2.291
6.033323333333428 2.291
6.033333333333427 2.242
6.0416566666667615 2.242
6.041666666666761 2.292
6.049990000000095 2.292
6.050000000000095 2.243
6.058323333333429 2.243
6.058333333333429 2.293
6.066656666666763 2.293
6.066666666666762 2.2439999999999998
6.0749900000000965 2.2439999999999998
6.075000000000096 2.294
6.08332333333343 2.294
6.08333333333343 2.245
6.091656666666764 2.245
6.091666666666764 2.295
6.099990000000098 2.295
6.100000000000097 2.246
6.1083233333334315 2.246
6.108333333333431 2.296
6.116656666666765 2.296
6.116666666666765 2.247
6.124990000000099 2.247
6.125000000000099 2.297
6.133323333333433 2.297
6.133333333333432 2.248
6.1416566666667665 2.248
6.141666666666766 2.298
6.1499900000001 2.298
6.1500000000001 2.249
6.158323333333434 2.249
6.158333333333434 2.299
6.166656666666768 2.299
6.166666666666767 2.25
6.1749900000001015 2.25
6.175000000000101 2.3
6.183323333333435 2.3
6.183333333333435 2.251
6.191656666666769 2.251
6.191666666666769 2.301
6.199990000000103 2.301
6.200000000000102 2.252
6.2083233333334364 2.252
6.208333333333436 2.302
6.21665666666677 2.302
6.21666666666677 2.253
6.224990000000104 2.253
6.225000000000104 2.303
6.233323333333438 2.303
6.233333333333437 2.254
6.241656666666771 2.254
6.241666666666771 2.304
6.249990000000105 2.304
6.250000000000105 2.255
6.258323333333439 2.255
6.2583333333334386 2.305
6.266656666666773 2.305
6.266666666666772 2.2560000000000002
6.274990000000106 2.2560000000000002
6.275000000000106 2.306
6.28332333333344 2.306
6.28333333333344 2.257
6.291656666666774 2.257
6.2916666666667735 2.307
6.299990000000108 2.307
6.300000000000107 2.258
6.308323333333441 2.258
6.308333333333441 2.308
6.316656666666775 2.308
6.316666666666775 2.259
6.324990000000109 2.259
6.3250000000001085 2.309
6.333323333333443 2.309
6.333333333333442 2.26
6.341656666666776 2.26
6.341666666666776 2.31
6.34999000000011 2.31
6.35000000000011 2.261
6.358323333333444 2.261
6.3583333333334435 2.311
6.366656666666778 2.311
6.366666666666777 2.262
6.374990000000111 2.262
6.375000000000111 2.312
6.383323333333445 2.312
6.383333333333445 2.263
6.391656666666779 2.263
6.3916666666667785 2.313
6.399990000000113 2.313
6.400000000000112 2.2640000000000002
6.408323333333446 2.2640000000000002
6.408333333333446 2.314
6.41665666666678 2.314
6.41666666666678 2.265
6.424990000000114 2.265
6.4250000000001135 2.315
6.433323333333448 2.315
6.433333333333447 2.266
6.441656666666781 2.266
6.441666666666781 2.316
6.449990000000115 2.316
6.450000000000115 2.267
6.458323333333449 2.267
6.4583333333334485 2.317
6.466656666666783 2.317
6.466666666666782 2.268
6.474990000000116 2.268
6.475000000000116 2.318
6.48332333333345 2.318
6.48333333333345 2.269
6.491656666666784 2.269
6.4916666666667835 2.319
6.499990000000118 2.319
6.500000000000117 2.27
6.508323333333451 2.27
6.508333333333451 2.32
6.516656666666785 2.32
6.516666666666785 2.271
6.524990000000119 2.271
6.5250000000001185 2.321
6.533323333333453 2.321
6.533333333333452 2.2720000000000002
6.541656666666786 2.2720000000000002
6.541666666666786 2.322
6.54999000000012 2.322
6.55000000000012 2.273
6.558323333333454 2.273
6.5583333333334535 2.323
6.566656666666788 2.323
6.566666666666787 2.274
6.574990000000121 2.274
6.575000000000121 2.324
6.583323333333455 2.324
6.583333333333455 2.275
6.591656666666789 2.275
6.5916666666667885 2.325
6.599990000000123 2.325
6.600000000000122 2.276
6.608323333333456 2.276
6.608333333333456 2.326
6.61665666666679 2.326
6.61666666666679 2.277
6.624990000000124 2.277
6.6250000000001235 2.327
6.633323333333458 2.327
6.633333333333457 2.278
6.641656666666791 2.278
6.641666666666791 2.328
6.649990000000125 2.328
6.650000000000125 2.279
6.658323333333459 2.279
6.6583333333334584 2.329
6.666656666666793 2.329
6.666666666666792 2.2800000000000002
6.674990000000126 2.2800000000000002
6.675000000000126 2.33
6.68332333333346 2.33
6.68333333333346 2.281
6.691656666666794 2.281
6.691666666666793 2.331
6.699990000000128 2.331
6.700000000000127 2.282
6.708323333333461 2.282
6.708333333333461 2.332
6.716656666666795 2.332
6.716666666666795 2.283
6.724990000000129 2.283
6.725000000000128 2.333
6.733323333333463 2.333
6.733333333333462 2.284
6.741656666666796 2.284
6.741666666666796 2.334
6.74999000000013 2.334
6.75000000000013 2.285
6.758323333333464 2.285
6.758333333333463 2.335
6.7666566666667975 2.335
6.766666666666797 2.286
6.774990000000131 2.286
6.775000000000131 2.336
6.783323333333465 2.336
6.783333333333465 2.287
6.791656666666799 2.287
6.791666666666798 2.337
6.7999900000001325 2.337
6.800000000000132 2.288
6.808323333333466 2.288
6.808333333333466 2.338
6.8166566666668 2.338
6.8166666666668 2.289
6.824990000000134 2.289
6.825000000000133 2.339
6.8333233333334675 2.339
6.833333333333467 2.29
6.841656666666801 2.29
6.841666666666801 2.34
6.849990000000135 2.34
6.850000000000135 2.291
6.858323333333469 2.291
6.858333333333468 2.341
6.8666566666668025 2.341
6.866666666666802 2.292
6.874990000000136 2.292
6.875000000000136 2.342
6.88332333333347 2.342
6.88333333333347 2.293
6.891656666666804 2.293
6.891666666666803 2.343
6.8999900000001375 2.343
6.900000000000137 2.294
6.908323333333471 2.294
6.908333333333471 2.344
6.916656666666805 2.344
6.916666666666805 2.295
6.924990000000139 2.295
6.925000000000138 2.3449999999999998
6.9333233333334725 2.3449999999999998
6.933333333333472 2.296
6.941656666666806 2.296
6.941666666666806 2.346
6.94999000000014 2.346
6.95000000000014 2.297
6.958323333333474 2.297
6.958333333333473 2.347
6.9666566666668075 2.347
6.966666666666807 2.298
6.974990000000141 2.298
6.975000000000141 2.348
6.983323333333475 2.348
6.983333333333475 2.299
6.991656666666809 2.299
6.991666666666808 2.349
6.9999900000001425 2.349
7.000000000000142 2.3
7.008323333333476 2.3
7.008333333333476 2.35
7.01665666666681 2.35
7.01666666666681 2.301
7.024990000000144 2.301
7.025000000000143 2.351
7.0333233333334775 2.351
7.033333333333477 2.302
7.041656666666811 2.302
7.041666666666811 2.352
7.049990000000145 2.352
7.050000000000145 2.303
7.058323333333479 2.303
7.058333333333478 2.3529999999999998
7.0666566666668125 2.3529999999999998
7.066666666666812 2.304
7.074990000000146 2.304
7.075000000000146 2.354
7.08332333333348 2.354
7.08333333333348 2.305
7.091656666666814 2.305
7.091666666666813 2.355
7.0999900000001475 2.355
7.100000000000147 2.306
7.108323333333481 2.306
7.108333333333481 2.356
7.116656666666815 2.356
7.116666666666815 2.307
7.124990000000149 2.307
7.125000000000148 2.357
7.1333233333334825 2.357
7.133333333333482 2.308
7.141656666666816 2.308
7.141666666666816 2.358
7.14999000000015 2.358
7.15000000000015 2.309
7.158323333333484 2.309
7.158333333333483 2.359
7.166656666666817 2.359
7.166666666666817 2.31
7.174990000000151 2.31
7.175000000000151 2.36
7.183323333333485 2.36
7.183333333333485 2.311
7.191656666666819 2.311
7.191666666666818 2.3609999999999998
7.199990000000152 2.3609999999999998
7.200000000000152 2.312
7.208323333333486 2.312
7.208333333333486 2.362
7.21665666666682 2.362
7.2166666666668196 2.313
7.224990000000154 2.313
7.225000000000153 2.363
7.233323333333487 2.363
7.233333333333487 2.314
7.241656666666821 2.314
7.241666666666821 2.364
7.249990000000155 2.364
7.2500000000001545 2.315
7.258323333333489 2.315
7.258333333333488 2.365
7.266656666666822 2.365
7.266666666666822 2.316
7.274990000000156 2.316
7.275000000000156 2.366
7.28332333333349 2.366
7.2833333333334895 2.317
7.291656666666824 2.317
7.291666666666823 2.367
7.299990000000157 2.367
7.300000000000157 2.318
7.308323333333491 2.318
7.308333333333491 2.368
7.316656666666825 2.368
7.3166666666668245 2.319
7.324990000000159 2.319
7.325000000000158 2.3689999999999998
7.333323333333492 2.3689999999999998
7.333333333333492 2.32
7.341656666666826 2.32
7.341666666666826 2.37
7.34999000000016 2.37
7.3500000000001595 2.321
7.358323333333494 2.321
7.358333333333493 2.371
7.366656666666827 2.371
7.366666666666827 2.322
7.374990000000161 2.322
7.375000000000161 2.372
7.383323333333495 2.372
7.3833333333334945 2.323
7.391656666666829 2.323
7.391666666666828 2.373
7.399990000000162 2.373
7.400000000000162 2.324
7.408323333333496 2.324
7.408333333333496 2.374
7.41665666666683 2.374
7.4166666666668295 2.325
7.424990000000164 2.325
7.425000000000163 2.375
7.433323333333497 2.375
7.433333333333497 2.326
7.441656666666831 2.326
7.441666666666831 2.376
7.449990000000165 2.376
7.4500000000001645 2.327
7.458323333333499 2.327
7.458333333333498 2.377
7.466656666666832 2.377
7.466666666666832 2.328
7.474990000000166 2.328
7.475000000000166 2.378
7.4833233333335 2.378
7.4833333333334995 2.329
7.491656666666834 2.329
7.491666666666833 2.379
7.499990000000167 2.379
7.500000000000167 2.33
7.508323333333501 2.33
7.508333333333501 2.38
7.516656666666835 2.38
7.5166666666668345 2.331
7.524990000000169 2.331
7.525000000000168 2.3810000000000002
7.533323333333502 2.3810000000000002
7.533333333333502 2.332
7.541656666666836 2.332
7.541666666666836 2.382
7.54999000000017 2.382
7.5500000000001695 2.333
7.558323333333504 2.333
7.558333333333503 2.383
7.566656666666837 2.383
7.566666666666837 2.334
7.574990000000171 2.334
7.575000000000171 2.384
7.583323333333505 2.384
7.5833333333335045 2.335
7.591656666666839 2.335
7.591666666666838 2.385
7.599990000000172 2.385
7.600000000000172 2.336
7.608323333333506 2.336
7.608333333333506 2.386
7.61665666666684 2.386
7.6166666666668394 2.337
7.624990000000174 2.337
7.625000000000173 2.387
7.633323333333507 2.387
7.633333333333507 2.338
7.641656666666841 2.338
7.641666666666841 2.388
7.649990000000175 2.388
7.650000000000174 2.339
7.658323333333509 2.339
7.658333333333508 2.3890000000000002
7.666656666666842 2.3890000000000002
7.666666666666842 2.34
7.674990000000176 2.34
7.675000000000176 2.39
7.68332333333351 2.39
7.683333333333509 2.341
7.6916566666668436 2.341
7.691666666666843 2.391
7.699990000000177 2.391
7.700000000000177 2.342
7.708323333333511 2.342
7.708333333333511 2.392
7.716656666666845 2.392
7.716666666666844 2.343
7.7249900000001785 2.343
7.725000000000178 2.393
7.733323333333512 2.393
7.733333333333512 2.344
7.741656666666846 2.344
7.741666666666846 2.394
7.74999000000018 2.394
7.750000000000179 2.3449999999999998
7.7583233333335135 2.3449999999999998
7.758333333333513 2.395
7.766656666666847 2.395
7.766666666666847 2.346
7.774990000000181 2.346
7.775000000000181 2.396
7.783323333333515 2.396
7.783333333333514 2.347
7.7916566666668485 2.347
7.791666666666848 2.3970000000000002
7.799990000000182 2.3970000000000002
7.800000000000182 2.348
7.808323333333516 2.348
7.808333333333516 2.398
7.81665666666685 2.398
7.816666666666849 2.349
7.8249900000001835 2.349
7.825000000000183 2.399
7.833323333333517 2.399
7.833333333333517 2.35
7.841656666666851 2.35
7.841666666666851 2.4
7.849990000000185 2.4
7.850000000000184 2.351
7.8583233333335185 2.351
7.858333333333518 2.401
7.866656666666852 2.401
7.866666666666852 2.352
7.874990000000186 2.352
7.875000000000186 2.402
7.88332333333352 2.402
7.883333333333519 2.3529999999999998
7.8916566666668535 2.3529999999999998
7.891666666666853 2.403
7.899990000000187 2.403
7.900000000000187 2.354
7.908323333333521 2.354
7.908333333333521 2.404
7.916656666666855 2.404
7.916666666666854 2.355
7.9249900000001885 2.355
7.925000000000188 2.4050000000000002
7.933323333333522 2.4050000000000002
7.933333333333522 2.356
7.941656666666856 2.356
7.941666666666856 2.406
7.94999000000019 2.406
7.950000000000189 2.357
7.9583233333335235 2.357
7.958333333333523 2.407
7.966656666666857 2.407
7.966666666666857 2.358
7.974990000000191 2.358
7.975000000000191 2.408
7.983323333333525 2.408
7.983333333333524 2.359
7.9916566666668585 2.359
7.991666666666858 2.409
7.999990000000192 2.409
8.000000000000192 2.36
8.008323333333525 2.36
8.008333333333525 2.41
8.016656666666858 2.41
8.016666666666858 2.3609999999999998
8.02499000000019 2.3609999999999998
8.02500000000019 2.411
8.033323333333524 2.411
8.033333333333523 2.362
8.041656666666857 2.362
8.041666666666856 2.412
8.04999000000019 2.412
8.050000000000189 2.363
8.058323333333522 2.363
8.058333333333522 2.413
8.066656666666855 2.413
8.066666666666855 2.364
8.074990000000188 2.364
8.075000000000188 2.414
8.08332333333352 2.414
8.08333333333352 2.365
8.091656666666854 2.365
8.091666666666853 2.415
8.099990000000187 2.415
8.100000000000186 2.366
8.10832333333352 2.366
8.108333333333519 2.416
8.116656666666852 2.416
8.116666666666852 2.367
8.124990000000185 2.367
8.125000000000185 2.417
8.133323333333518 2.417
8.133333333333518 2.368
8.14165666666685 2.368
8.14166666666685 2.418
8.149990000000184 2.418
8.150000000000183 2.3689999999999998
8.158323333333517 2.3689999999999998
8.158333333333516 2.419
8.16665666666685 2.419
8.166666666666849 2.37
8.174990000000182 2.37
8.175000000000182 2.42
8.183323333333515 2.42
8.183333333333515 2.371
8.191656666666848 2.371
8.191666666666848 2.421
8.19999000000018 2.421
8.20000000000018 2.372
8.208323333333514 2.372
8.208333333333513 2.422
8.216656666666847 2.422
8.216666666666846 2.373
8.22499000000018 2.373
8.225000000000179 2.423
8.233323333333512 2.423
8.233333333333512 2.374
8.241656666666845 2.374
8.241666666666845 2.424
8.249990000000178 2.424
8.250000000000178 2.375
8.25832333333351 2.375
8.25833333333351 2.425
8.266656666666844 2.425
8.266666666666843 2.376
8.274990000000177 2.376
8.275000000000176 2.426
8.28332333333351 2.426
8.283333333333509 2.377
8.291656666666842 2.377
8.291666666666842 2.427
8.299990000000175 2.427
8.300000000000175 2.378
8.308323333333508 2.378
8.308333333333508 2.428
8.316656666666841 2.428
8.31666666666684 2.379
8.324990000000174 2.379
8.325000000000173 2.429
8.333323333333507 2.429
8.333333333333506 2.38
8.34165666666684 2.38
8.341666666666839 2.43
8.349990000000172 2.43
8.350000000000172 2.3810000000000002
8.358323333333505 2.3810000000000002
8.358333333333505 2.431
8.366656666666838 2.431
8.366666666666838 2.382
8.374990000000171 2.382
8.37500000000017 2.432
8.383323333333504 2.432
8.383333333333503 2.383
8.391656666666837 2.383
8.391666666666836 2.433
8.39999000000017 2.433
8.400000000000169 2.384
8.408323333333502 2.384
8.408333333333502 2.434
8.416656666666835 2.434
8.416666666666835 2.385
8.424990000000168 2.385
8.425000000000168 2.435
8.433323333333501 2.435
8.4333333333335 2.386
8.441656666666834 2.386
8.441666666666833 2.436
8.449990000000167 2.436
8.450000000000166 2.387
8.4583233333335 2.387
8.4583333333335 2.437
8.466656666666832 2.437
8.466666666666832 2.388
8.474990000000165 2.388
8.475000000000165 2.438
8.483323333333498 2.438
8.483333333333498 2.3890000000000002
8.491656666666831 2.3890000000000002
8.49166666666683 2.439
8.499990000000164 2.439
8.500000000000163 2.39
8.508323333333497 2.39
8.508333333333496 2.44
8.51665666666683 2.44
8.51666666666683 2.391
8.524990000000162 2.391
8.525000000000162 2.441
8.533323333333495 2.441
8.533333333333495 2.392
8.541656666666828 2.392
8.541666666666828 2.442
8.549990000000161 2.442
8.55000000000016 2.393
8.558323333333494 2.393
8.558333333333493 2.443
8.566656666666827 2.443
8.566666666666826 2.394
8.57499000000016 2.394
8.57500000000016 2.444
8.583323333333492 2.444
8.583333333333492 2.395
8.591656666666825 2.395
8.591666666666825 2.445
8.599990000000158 2.445
8.600000000000158 2.396
8.608323333333491 2.396
8.60833333333349 2.446
8.616656666666824 2.446
8.616666666666823 2.3970000000000002
8.624990000000157 2.3970000000000002
8.625000000000156 2.447
8.63332333333349 2.447
8.63333333333349 2.398
8.641656666666822 2.398
8.641666666666822 2.448
8.649990000000155 2.448
8.650000000000155 2.399
8.658323333333488 2.399
8.658333333333488 2.449
8.666656666666821 2.449
8.66666666666682 2.4
8.674990000000154 2.4
8.675000000000153 2.45
8.683323333333487 2.45
