0 1.025
1.99999 1.025
2.0 1.0
2.0083233333333332 1.0
2.0083333333333333 1.05
2.0166566666666665 1.05
2.0166666666666666 1.001
2.02499 1.001
2.025 1.051
2.033323333333333 1.051
2.033333333333333 1.002
2.0416566666666665 1.002
2.0416666666666665 1.052
2.0499899999999998 1.052
2.05 1.003
2.058323333333333 1.003
2.058333333333333 1.053
2.0666566666666664 1.053
2.0666666666666664 1.004
2.0749899999999997 1.004
2.0749999999999997 1.054
2.083323333333333 1.054
2.083333333333333 1.005
2.0916566666666663 1.005
2.0916666666666663 1.055
2.0999899999999996 1.055
2.0999999999999996 1.006
2.108323333333333 1.006
2.108333333333333 1.056
2.116656666666666 1.056
2.1166666666666663 1.007
2.1249899999999995 1.007
2.1249999999999996 1.057
2.133323333333333 1.057
2.133333333333333 1.008
2.141656666666666 1.008
2.141666666666666 1.058
2.1499899999999994 1.058
2.1499999999999995 1.009
2.1583233333333327 1.009
2.1583333333333328 1.059
2.166656666666666 1.059
2.166666666666666 1.01
2.1749899999999993 1.01
2.1749999999999994 1.06
2.1833233333333326 1.06
2.1833333333333327 1.011
2.191656666666666 1.011
2.191666666666666 1.061
2.1999899999999992 1.061
2.1999999999999993 1.012
2.2083233333333325 1.012
2.2083333333333326 1.062
2.216656666666666 1.062
2.216666666666666 1.013
2.224989999999999 1.013
2.224999999999999 1.063
2.2333233333333324 1.063
2.2333333333333325 1.014
2.2416566666666657 1.014
2.241666666666666 1.064
2.249989999999999 1.064
2.249999999999999 1.015
2.2583233333333324 1.015
2.2583333333333324 1.065
2.2666566666666657 1.065
2.2666666666666657 1.016
2.274989999999999 1.016
2.274999999999999 1.066
2.2833233333333323 1.066
2.2833333333333323 1.017
2.2916566666666656 1.017
2.2916666666666656 1.067
2.299989999999999 1.067
2.299999999999999 1.018
2.308323333333332 1.018
2.3083333333333322 1.068
2.3166566666666655 1.068
2.3166666666666655 1.019
2.324989999999999 1.019
2.324999999999999 1.069
2.333323333333332 1.069
2.333333333333332 1.02
2.3416566666666654 1.02
2.3416666666666655 1.07
2.3499899999999987 1.07
2.3499999999999988 1.021
2.358323333333332 1.021
2.358333333333332 1.071
2.3666566666666653 1.071
2.3666666666666654 1.022
2.3749899999999986 1.022
2.3749999999999987 1.072
2.383323333333332 1.072
2.383333333333332 1.023
2.391656666666665 1.023
2.3916666666666653 1.073
2.3999899999999985 1.073
2.3999999999999986 1.024
2.408323333333332 1.024
2.408333333333332 1.074
2.416656666666665 1.074
2.416666666666665 1.025
2.4249899999999984 1.025
2.4249999999999985 1.075
2.4333233333333317 1.075
2.433333333333332 1.026
2.441656666666665 1.026
2.441666666666665 1.076
2.4499899999999983 1.076
2.4499999999999984 1.027
2.4583233333333316 1.027
2.4583333333333317 1.077
2.466656666666665 1.077
2.466666666666665 1.028
2.4749899999999982 1.028
2.4749999999999983 1.078
2.4833233333333316 1.078
2.4833333333333316 1.029
2.491656666666665 1.029
2.491666666666665 1.079
2.499989999999998 1.079
2.4999999999999982 1.03
2.5083233333333315 1.03
2.5083333333333315 1.08
2.5166566666666648 1.08
2.516666666666665 1.031
2.524989999999998 1.031
2.524999999999998 1.081
2.5333233333333314 1.081
2.5333333333333314 1.032
2.5416566666666647 1.032
2.5416666666666647 1.082
2.549989999999998 1.082
2.549999999999998 1.033
2.5583233333333313 1.033
2.5583333333333313 1.083
2.5666566666666646 1.083
2.5666666666666647 1.034
2.574989999999998 1.034
2.574999999999998 1.084
2.583323333333331 1.084
2.5833333333333313 1.035
2.5916566666666645 1.035
2.5916666666666646 1.085
2.599989999999998 1.085
2.599999999999998 1.036
2.608323333333331 1.036
2.608333333333331 1.086
2.6166566666666644 1.086
2.6166666666666645 1.037
2.6249899999999977 1.037
2.624999999999998 1.087
2.633323333333331 1.087
2.633333333333331 1.038
2.6416566666666643 1.038
2.6416666666666644 1.088
2.6499899999999976 1.088
2.6499999999999977 1.039
2.658323333333331 1.039
2.658333333333331 1.089
2.6666566666666642 1.089
2.6666666666666643 1.04
2.6749899999999975 1.04
2.6749999999999976 1.09
2.683323333333331 1.09
2.683333333333331 1.041
2.691656666666664 1.041
2.691666666666664 1.091
2.6999899999999974 1.091
2.6999999999999975 1.042
2.7083233333333308 1.042
2.708333333333331 1.092
2.716656666666664 1.092
2.716666666666664 1.043
2.7249899999999974 1.043
2.7249999999999974 1.093
2.7333233333333307 1.093
2.7333333333333307 1.044
2.741656666666664 1.044
2.741666666666664 1.094
2.7499899999999973 1.094
2.7499999999999973 1.045
2.7583233333333306 1.045
2.7583333333333306 1.095
2.766656666666664 1.095
2.766666666666664 1.046
2.774989999999997 1.046
2.7749999999999972 1.096
2.7833233333333305 1.096
2.7833333333333306 1.047
2.791656666666664 1.047
2.791666666666664 1.097
2.799989999999997 1.097
2.799999999999997 1.048
2.8083233333333304 1.048
2.8083333333333305 1.098
2.8166566666666637 1.098
2.8166666666666638 1.049
2.824989999999997 1.049
2.824999999999997 1.099
2.8333233333333303 1.099
2.8333333333333304 1.05
2.8416566666666636 1.05
2.8416666666666637 1.1
2.849989999999997 1.1
2.849999999999997 1.051
2.85832333333333 1.051
2.8583333333333303 1.101
2.8666566666666635 1.101
2.8666666666666636 1.052
2.874989999999997 1.052
2.874999999999997 1.102
2.88332333333333 1.102
2.88333333333333 1.053
2.8916566666666634 1.053
2.8916666666666635 1.103
2.8999899999999967 1.103
2.899999999999997 1.054
2.90832333333333 1.054
2.90833333333333 1.104
2.9166566666666633 1.104
2.9166666666666634 1.055
2.9249899999999966 1.055
2.9249999999999967 1.105
2.93332333333333 1.105
2.93333333333333 1.056
2.9416566666666633 1.056
2.9416666666666633 1.106
2.9499899999999966 1.106
2.9499999999999966 1.057
2.95832333333333 1.057
2.95833333333333 1.107
2.966656666666663 1.107
2.9666666666666632 1.058
2.9749899999999965 1.058
2.9749999999999965 1.108
2.9833233333333298 1.108
2.98333333333333 1.059
2.991656666666663 1.059
2.991666666666663 1.109
2.9999899999999964 1.109
2.9999999999999964 1.06
3.0083233333333297 1.06
3.0083333333333298 1.11
3.016656666666663 1.11
3.016666666666663 1.061
3.0249899999999963 1.061
3.0249999999999964 1.111
3.0333233333333296 1.111
3.0333333333333297 1.062
3.041656666666663 1.062
3.041666666666663 1.112
3.049989999999996 1.112
3.0499999999999963 1.063
3.0583233333333295 1.063
3.0583333333333296 1.113
3.066656666666663 1.113
3.066666666666663 1.064
3.074989999999996 1.064
3.074999999999996 1.114
3.0833233333333294 1.114
3.0833333333333295 1.065
3.0916566666666627 1.065
3.091666666666663 1.115
3.099989999999996 1.115
3.099999999999996 1.066
3.1083233333333293 1.066
3.1083333333333294 1.116
3.1166566666666626 1.116
3.1166666666666627 1.067
3.124989999999996 1.067
3.124999999999996 1.117
3.1333233333333292 1.117
3.1333333333333293 1.068
3.1416566666666625 1.068
3.1416666666666626 1.1179999999999999
3.149989999999996 1.1179999999999999
3.149999999999996 1.069
3.158323333333329 1.069
3.158333333333329 1.119
3.1666566666666625 1.119
3.1666666666666625 1.07
3.1749899999999958 1.07
3.174999999999996 1.12
3.183323333333329 1.12
3.183333333333329 1.071
3.1916566666666624 1.071
3.1916666666666624 1.121
3.1999899999999957 1.121
3.1999999999999957 1.072
3.208323333333329 1.072
3.208333333333329 1.1219999999999999
3.2166566666666623 1.1219999999999999
3.2166666666666623 1.073
3.2249899999999956 1.073
3.2249999999999956 1.123
3.233323333333329 1.123
3.233333333333329 1.074
3.241656666666662 1.074
3.2416666666666623 1.124
3.2499899999999955 1.124
3.2499999999999956 1.075
3.258323333333329 1.075
3.258333333333329 1.125
3.266656666666662 1.125
3.266666666666662 1.076
3.2749899999999954 1.076
3.2749999999999955 1.126
3.2833233333333287 1.126
3.2833333333333288 1.077
3.291656666666662 1.077
3.291666666666662 1.127
3.2999899999999953 1.127
3.2999999999999954 1.078
3.3083233333333286 1.078
3.3083333333333287 1.1280000000000001
3.316656666666662 1.1280000000000001
3.316666666666662 1.079
3.3249899999999952 1.079
3.3249999999999953 1.129
3.3333233333333285 1.129
3.3333333333333286 1.08
3.341656666666662 1.08
3.341666666666662 1.13
3.349989999999995 1.13
3.349999999999995 1.081
3.3583233333333284 1.081
3.3583333333333285 1.131
3.3666566666666617 1.131
3.366666666666662 1.082
3.374989999999995 1.082
3.374999999999995 1.1320000000000001
3.3833233333333284 1.1320000000000001
3.3833333333333284 1.083
3.3916566666666617 1.083
3.3916666666666617 1.133
3.399989999999995 1.133
3.399999999999995 1.084
3.4083233333333283 1.084
3.4083333333333283 1.134
3.4166566666666616 1.134
3.4166666666666616 1.085
3.424989999999995 1.085
3.424999999999995 1.135
3.433323333333328 1.135
3.4333333333333282 1.086
3.4416566666666615 1.086
3.4416666666666615 1.1360000000000001
3.449989999999995 1.1360000000000001
3.449999999999995 1.087
3.458323333333328 1.087
3.458333333333328 1.137
3.4666566666666614 1.137
3.4666666666666615 1.088
3.4749899999999947 1.088
3.4749999999999948 1.138
3.483323333333328 1.138
3.483333333333328 1.089
3.4916566666666613 1.089
3.4916666666666614 1.139
3.4999899999999946 1.139
3.4999999999999947 1.09
3.508323333333328 1.09
3.508333333333328 1.1400000000000001
3.516656666666661 1.1400000000000001
3.5166666666666613 1.091
3.5249899999999945 1.091
3.5249999999999946 1.141
3.533323333333328 1.141
3.533333333333328 1.092
3.541656666666661 1.092
3.541666666666661 1.142
3.5499899999999944 1.142
3.5499999999999945 1.093
3.5583233333333277 1.093
3.558333333333328 1.143
3.566656666666661 1.143
3.566666666666661 1.094
3.5749899999999943 1.094
3.5749999999999944 1.144
3.5833233333333276 1.144
3.5833333333333277 1.095
3.591656666666661 1.095
3.591666666666661 1.145
3.5999899999999943 1.145
3.5999999999999943 1.096
3.6083233333333276 1.096
3.6083333333333276 1.146
3.616656666666661 1.146
3.616666666666661 1.097
3.624989999999994 1.097
3.6249999999999942 1.147
3.6333233333333275 1.147
3.6333333333333275 1.098
3.6416566666666608 1.098
3.641666666666661 1.148
3.649989999999994 1.148
3.649999999999994 1.099
3.6583233333333274 1.099
3.6583333333333274 1.149
3.6666566666666607 1.149
3.6666666666666607 1.1
3.674989999999994 1.1
3.674999999999994 1.15
3.6833233333333273 1.15
3.6833333333333274 1.101
3.6916566666666606 1.101
3.6916666666666607 1.151
3.699989999999994 1.151
3.699999999999994 1.102
3.708323333333327 1.102
3.7083333333333273 1.152
3.7166566666666605 1.152
3.7166666666666606 1.103
3.724989999999994 1.103
3.724999999999994 1.153
3.733323333333327 1.153
3.733333333333327 1.104
3.7416566666666604 1.104
3.7416666666666605 1.154
3.7499899999999937 1.154
3.749999999999994 1.105
3.758323333333327 1.105
3.758333333333327 1.155
3.7666566666666603 1.155
3.7666666666666604 1.106
3.7749899999999936 1.106
3.7749999999999937 1.156
3.783323333333327 1.156
3.783333333333327 1.107
3.7916566666666602 1.107
3.7916666666666603 1.157
3.7999899999999935 1.157
3.7999999999999936 1.108
3.808323333333327 1.108
3.808333333333327 1.158
3.81665666666666 1.158
3.81666666666666 1.109
3.8249899999999935 1.109
3.8249999999999935 1.159
3.8333233333333268 1.159
3.833333333333327 1.11
3.84165666666666 1.11
3.84166666666666 1.16
3.8499899999999934 1.16
3.8499999999999934 1.111
3.8583233333333267 1.111
3.8583333333333267 1.161
3.86665666666666 1.161
3.86666666666666 1.112
3.8749899999999933 1.112
3.8749999999999933 1.162
3.8833233333333266 1.162
3.8833333333333266 1.113
3.89165666666666 1.113
3.89166666666666 1.163
3.899989999999993 1.163
3.8999999999999932 1.114
3.9083233333333265 1.114
3.9083333333333266 1.164
3.91665666666666 1.164
3.91666666666666 1.115
3.924989999999993 1.115
3.924999999999993 1.165
3.9333233333333264 1.165
3.9333333333333265 1.116
3.9416566666666597 1.116
3.9416666666666598 1.166
3.949989999999993 1.166
3.949999999999993 1.117
3.9583233333333263 1.117
3.9583333333333264 1.167
3.9666566666666596 1.167
3.9666666666666597 1.1179999999999999
3.974989999999993 1.1179999999999999
3.974999999999993 1.168
3.983323333333326 1.168
3.9833333333333263 1.119
3.9916566666666595 1.119
3.9916666666666596 1.169
3.999989999999993 1.169
3.999999999999993 1.12
4.008323333333327 1.12
4.008333333333327 1.17
4.016656666666661 1.17
4.01666666666666 1.121
4.0249899999999945 1.121
4.024999999999994 1.171
4.033323333333328 1.171
4.033333333333328 1.1219999999999999
4.041656666666662 1.1219999999999999
4.041666666666662 1.172
4.049989999999996 1.172
4.049999999999995 1.123
4.0583233333333295 1.123
4.058333333333329 1.173
4.066656666666663 1.173
4.066666666666663 1.124
4.074989999999997 1.124
4.074999999999997 1.174
4.083323333333331 1.174
4.08333333333333 1.125
4.0916566666666645 1.125
4.091666666666664 1.175
4.099989999999998 1.175
4.099999999999998 1.126
4.108323333333332 1.126
4.108333333333332 1.176
4.116656666666666 1.176
4.116666666666665 1.127
4.1249899999999995 1.127
4.124999999999999 1.177
4.133323333333333 1.177
4.133333333333333 1.1280000000000001
4.141656666666667 1.1280000000000001
4.141666666666667 1.178
4.149990000000001 1.178
4.15 1.129
4.1583233333333345 1.129
4.158333333333334 1.179
4.166656666666668 1.179
4.166666666666668 1.13
4.174990000000002 1.13
4.175000000000002 1.18
4.183323333333336 1.18
4.183333333333335 1.131
4.1916566666666695 1.131
4.191666666666669 1.181
4.199990000000003 1.181
4.200000000000003 1.1320000000000001
4.208323333333337 1.1320000000000001
4.208333333333337 1.182
4.216656666666671 1.182
4.21666666666667 1.133
4.2249900000000045 1.133
4.225000000000004 1.183
4.233323333333338 1.183
4.233333333333338 1.134
4.241656666666672 1.134
4.241666666666672 1.184
4.249990000000006 1.184
4.250000000000005 1.135
4.2583233333333395 1.135
4.258333333333339 1.185
4.266656666666673 1.185
4.266666666666673 1.1360000000000001
4.274990000000007 1.1360000000000001
4.275000000000007 1.186
4.283323333333341 1.186
4.28333333333334 1.137
4.2916566666666744 1.137
4.291666666666674 1.187
4.299990000000008 1.187
4.300000000000008 1.138
4.308323333333342 1.138
4.308333333333342 1.188
4.316656666666676 1.188
4.316666666666675 1.139
4.324990000000009 1.139
4.325000000000009 1.189
4.333323333333343 1.189
4.333333333333343 1.1400000000000001
4.341656666666677 1.1400000000000001
4.3416666666666766 1.19
4.349990000000011 1.19
4.35000000000001 1.141
4.358323333333344 1.141
4.358333333333344 1.191
4.366656666666678 1.191
4.366666666666678 1.142
4.374990000000012 1.142
4.3750000000000115 1.192
4.383323333333346 1.192
4.383333333333345 1.143
4.391656666666679 1.143
4.391666666666679 1.193
4.399990000000013 1.193
4.400000000000013 1.144
4.408323333333347 1.144
4.4083333333333465 1.194
4.416656666666681 1.194
4.41666666666668 1.145
4.424990000000014 1.145
4.425000000000014 1.195
4.433323333333348 1.195
4.433333333333348 1.146
4.441656666666682 1.146
4.4416666666666815 1.196
4.449990000000016 1.196
4.450000000000015 1.147
4.458323333333349 1.147
4.458333333333349 1.197
4.466656666666683 1.197
4.466666666666683 1.148
4.474990000000017 1.148
4.4750000000000165 1.198
4.483323333333351 1.198
4.48333333333335 1.149
4.491656666666684 1.149
4.491666666666684 1.199
4.499990000000018 1.199
4.500000000000018 1.15
4.508323333333352 1.15
4.5083333333333515 1.2
4.516656666666686 1.2
4.516666666666685 1.151
4.524990000000019 1.151
4.525000000000019 1.201
4.533323333333353 1.201
4.533333333333353 1.152
4.541656666666687 1.152
4.5416666666666865 1.202
4.549990000000021 1.202
4.55000000000002 1.153
4.558323333333354 1.153
4.558333333333354 1.203
4.566656666666688 1.203
4.566666666666688 1.154
4.574990000000022 1.154
4.5750000000000215 1.204
4.583323333333356 1.204
4.583333333333355 1.155
4.591656666666689 1.155
4.591666666666689 1.205
4.599990000000023 1.205
4.600000000000023 1.156
4.608323333333357 1.156
4.6083333333333565 1.206
4.616656666666691 1.206
4.61666666666669 1.157
4.624990000000024 1.157
4.625000000000024 1.207
4.633323333333358 1.207
4.633333333333358 1.158
4.641656666666692 1.158
4.6416666666666915 1.208
4.649990000000026 1.208
4.650000000000025 1.159
4.658323333333359 1.159
4.658333333333359 1.209
4.666656666666693 1.209
4.666666666666693 1.16
4.674990000000027 1.16
4.6750000000000265 1.21
4.683323333333361 1.21
4.68333333333336 1.161
4.691656666666694 1.161
4.691666666666694 1.211
4.699990000000028 1.211
4.700000000000028 1.162
4.708323333333362 1.162
4.7083333333333615 1.212
4.716656666666696 1.212
4.716666666666695 1.163
4.724990000000029 1.163
4.725000000000029 1.213
4.733323333333363 1.213
4.733333333333363 1.164
4.741656666666697 1.164
4.7416666666666965 1.214
4.749990000000031 1.214
4.75000000000003 1.165
4.758323333333364 1.165
4.758333333333364 1.215
4.766656666666698 1.215
4.766666666666698 1.166
4.774990000000032 1.166
4.775000000000031 1.216
4.783323333333366 1.216
4.783333333333365 1.167
4.791656666666699 1.167
4.791666666666699 1.217
4.799990000000033 1.217
4.800000000000033 1.168
4.808323333333367 1.168
4.808333333333366 1.218
4.816656666666701 1.218
4.8166666666667 1.169
4.824990000000034 1.169
4.825000000000034 1.219
4.833323333333368 1.219
4.833333333333368 1.17
4.841656666666702 1.17
4.841666666666701 1.22
4.8499900000000356 1.22
4.850000000000035 1.171
4.858323333333369 1.171
4.858333333333369 1.221
4.866656666666703 1.221
4.866666666666703 1.172
4.874990000000037 1.172
4.875000000000036 1.222
4.8833233333333705 1.222
4.88333333333337 1.173
4.891656666666704 1.173
4.891666666666704 1.223
4.899990000000038 1.223
4.900000000000038 1.174
4.908323333333372 1.174
4.908333333333371 1.224
4.9166566666667055 1.224
4.916666666666705 1.175
4.924990000000039 1.175
4.925000000000039 1.225
4.933323333333373 1.225
4.933333333333373 1.176
4.941656666666707 1.176
4.941666666666706 1.226
4.9499900000000405 1.226
4.95000000000004 1.177
4.958323333333374 1.177
4.958333333333374 1.227
4.966656666666708 1.227
4.966666666666708 1.178
4.974990000000042 1.178
4.975000000000041 1.228
4.9833233333333755 1.228
4.983333333333375 1.179
4.991656666666709 1.179
4.991666666666709 1.229
4.999990000000043 1.229
5.000000000000043 1.18
5.008323333333377 1.18
5.008333333333376 1.23
5.0166566666667105 1.23
5.01666666666671 1.181
5.024990000000044 1.181
5.025000000000044 1.231
5.033323333333378 1.231
5.033333333333378 1.182
5.041656666666712 1.182
5.041666666666711 1.232
5.0499900000000455 1.232
5.050000000000045 1.183
5.058323333333379 1.183
5.058333333333379 1.233
5.066656666666713 1.233
5.066666666666713 1.184
5.074990000000047 1.184
5.075000000000046 1.234
5.0833233333333805 1.234
5.08333333333338 1.185
5.091656666666714 1.185
5.091666666666714 1.2349999999999999
5.099990000000048 1.2349999999999999
5.100000000000048 1.186
5.108323333333382 1.186
5.108333333333381 1.236
5.1166566666667155 1.236
5.116666666666715 1.187
5.124990000000049 1.187
5.125000000000049 1.237
5.133323333333383 1.237
5.133333333333383 1.188
5.141656666666717 1.188
5.141666666666716 1.238
5.1499900000000505 1.238
5.15000000000005 1.189
5.158323333333384 1.189
5.158333333333384 1.2389999999999999
5.166656666666718 1.2389999999999999
5.166666666666718 1.19
5.174990000000052 1.19
5.175000000000051 1.24
5.1833233333333855 1.24
5.183333333333385 1.191
5.191656666666719 1.191
5.191666666666719 1.241
5.199990000000053 1.241
5.200000000000053 1.192
5.208323333333387 1.192
5.208333333333386 1.242
5.2166566666667205 1.242
5.21666666666672 1.193
5.224990000000054 1.193
5.225000000000054 1.2429999999999999
5.233323333333388 1.2429999999999999
5.233333333333388 1.194
5.241656666666722 1.194
5.241666666666721 1.244
5.2499900000000554 1.244
5.250000000000055 1.195
5.258323333333389 1.195
5.258333333333389 1.245
5.266656666666723 1.245
5.266666666666723 1.196
5.274990000000057 1.196
5.275000000000056 1.246
5.28332333333339 1.246
5.28333333333339 1.197
5.291656666666724 1.197
5.291666666666724 1.2469999999999999
5.299990000000058 1.2469999999999999
5.3000000000000576 1.198
5.308323333333392 1.198
5.308333333333391 1.248
5.316656666666725 1.248
5.316666666666725 1.199
5.324990000000059 1.199
5.325000000000059 1.249
5.333323333333393 1.249
5.3333333333333925 1.2
5.341656666666727 1.2
5.341666666666726 1.25
5.34999000000006 1.25
5.35000000000006 1.201
5.358323333333394 1.201
5.358333333333394 1.251
5.366656666666728 1.251
5.3666666666667275 1.202
5.374990000000062 1.202
5.375000000000061 1.252
5.383323333333395 1.252
5.383333333333395 1.203
5.391656666666729 1.203
5.391666666666729 1.2530000000000001
5.399990000000063 1.2530000000000001
5.4000000000000625 1.204
5.408323333333397 1.204
5.408333333333396 1.254
5.41665666666673 1.254
5.41666666666673 1.205
5.424990000000064 1.205
5.425000000000064 1.255
5.433323333333398 1.255
5.4333333333333975 1.206
5.441656666666732 1.206
5.441666666666731 1.256
5.449990000000065 1.256
5.450000000000065 1.207
5.458323333333399 1.207
5.458333333333399 1.2570000000000001
5.466656666666733 1.2570000000000001
5.4666666666667325 1.208
5.474990000000067 1.208
5.475000000000066 1.258
5.4833233333334 1.258
5.4833333333334 1.209
5.491656666666734 1.209
5.491666666666734 1.259
5.499990000000068 1.259
5.5000000000000675 1.21
5.508323333333402 1.21
5.508333333333401 1.26
5.516656666666735 1.26
5.516666666666735 1.211
5.524990000000069 1.211
5.525000000000069 1.2610000000000001
5.533323333333403 1.2610000000000001
5.5333333333334025 1.212
5.541656666666737 1.212
5.541666666666736 1.262
5.54999000000007 1.262
5.55000000000007 1.213
5.558323333333404 1.213
5.558333333333404 1.263
5.566656666666738 1.263
5.5666666666667375 1.214
5.574990000000072 1.214
5.575000000000071 1.264
5.583323333333405 1.264
5.583333333333405 1.215
5.591656666666739 1.215
5.591666666666739 1.2650000000000001
5.599990000000073 1.2650000000000001
5.6000000000000725 1.216
5.608323333333407 1.216
5.608333333333406 1.266
5.61665666666674 1.266
5.61666666666674 1.217
5.624990000000074 1.217
5.625000000000074 1.267
5.633323333333408 1.267
5.6333333333334075 1.218
5.641656666666742 1.218
5.641666666666741 1.268
5.649990000000075 1.268
5.650000000000075 1.219
5.658323333333409 1.219
5.658333333333409 1.2690000000000001
5.666656666666743 1.2690000000000001
5.6666666666667425 1.22
5.674990000000077 1.22
5.675000000000076 1.27
5.68332333333341 1.27
5.68333333333341 1.221
5.691656666666744 1.221
5.691666666666744 1.271
5.699990000000078 1.271
5.7000000000000774 1.222
5.708323333333412 1.222
5.708333333333411 1.272
5.716656666666745 1.272
5.716666666666745 1.223
5.724990000000079 1.223
5.725000000000079 1.2730000000000001
5.733323333333413 1.2730000000000001
5.733333333333412 1.224
5.741656666666747 1.224
5.741666666666746 1.274
5.74999000000008 1.274
5.75000000000008 1.225
5.758323333333414 1.225
5.758333333333414 1.275
5.766656666666748 1.275
5.766666666666747 1.226
5.774990000000082 1.226
5.775000000000081 1.276
5.783323333333415 1.276
5.783333333333415 1.227
5.791656666666749 1.227
5.791666666666749 1.2770000000000001
5.799990000000083 1.2770000000000001
5.800000000000082 1.228
5.8083233333334165 1.228
5.808333333333416 1.278
5.81665666666675 1.278
5.81666666666675 1.229
5.824990000000084 1.229
5.825000000000084 1.279
5.833323333333418 1.279
5.833333333333417 1.23
5.8416566666667515 1.23
5.841666666666751 1.28
5.849990000000085 1.28
5.850000000000085 1.231
5.858323333333419 1.231
5.858333333333419 1.2810000000000001
5.866656666666753 1.2810000000000001
5.866666666666752 1.232
5.8749900000000865 1.232
5.875000000000086 1.282
5.88332333333342 1.282
5.88333333333342 1.233
5.891656666666754 1.233
5.891666666666754 1.283
5.899990000000088 1.283
5.900000000000087 1.234
5.9083233333334215 1.234
5.908333333333421 1.284
5.916656666666755 1.284
5.916666666666755 1.2349999999999999
5.924990000000089 1.2349999999999999
5.925000000000089 1.285
5.933323333333423 1.285
5.933333333333422 1.236
5.9416566666667565 1.236
5.941666666666756 1.286
5.94999000000009 1.286
5.95000000000009 1.237
5.958323333333424 1.237
5.958333333333424 1.287
5.966656666666758 1.287
5.966666666666757 1.238
5.9749900000000915 1.238
5.975000000000091 1.288
5.983323333333425 1.288
5.983333333333425 1.2389999999999999
5.991656666666759 1.2389999999999999
5.991666666666759 1.289
5.999990000000093 1.289
6.000000000000092 1.24
6.0083233333334265 1.24
6.008333333333426 1.29
6.01665666666676 1.29
6.01666666666676 1.241
6.024990000000094 1.241
6.025000000000094 1.291
6.033323333333428 1.291
6.033333333333427 1.242
6.0416566666667615 1.242
6.041666666666761 1.292
6.049990000000095 1.292
6.050000000000095 1.2429999999999999
6.058323333333429 1.2429999999999999
6.058333333333429 1.293
6.066656666666763 1.293
6.066666666666762 1.244
6.0749900000000965 1.244
6.075000000000096 1.294
6.08332333333343 1.294
6.08333333333343 1.245
6.091656666666764 1.245
6.091666666666764 1.295
6.099990000000098 1.295
6.100000000000097 1.246
6.1083233333334315 1.246
6.108333333333431 1.296
6.116656666666765 1.296
6.116666666666765 1.2469999999999999
6.124990000000099 1.2469999999999999
6.125000000000099 1.297
6.133323333333433 1.297
6.133333333333432 1.248
6.1416566666667665 1.248
6.141666666666766 1.298
6.1499900000001 1.298
6.1500000000001 1.249
6.158323333333434 1.249
6.158333333333434 1.299
6.166656666666768 1.299
6.166666666666767 1.25
6.1749900000001015 1.25
6.175000000000101 1.3
6.183323333333435 1.3
6.183333333333435 1.251
6.191656666666769 1.251
6.191666666666769 1.301
6.199990000000103 1.301
6.200000000000102 1.252
6.2083233333334364 1.252
6.208333333333436 1.302
6.21665666666677 1.302
6.21666666666677 1.2530000000000001
6.224990000000104 1.2530000000000001
6.225000000000104 1.303
6.233323333333438 1.303
6.233333333333437 1.254
6.241656666666771 1.254
6.241666666666771 1.304
6.249990000000105 1.304
6.250000000000105 1.255
6.258323333333439 1.255
6.2583333333334386 1.305
6.266656666666773 1.305
6.266666666666772 1.256
6.274990000000106 1.256
6.275000000000106 1.306
6.28332333333344 1.306
6.28333333333344 1.2570000000000001
6.291656666666774 1.2570000000000001
6.2916666666667735 1.307
6.299990000000108 1.307
6.300000000000107 1.258
6.308323333333441 1.258
6.308333333333441 1.308
6.316656666666775 1.308
6.316666666666775 1.259
6.324990000000109 1.259
6.3250000000001085 1.309
6.333323333333443 1.309
6.333333333333442 1.26
6.341656666666776 1.26
6.341666666666776 1.31
6.34999000000011 1.31
6.35000000000011 1.2610000000000001
6.358323333333444 1.2610000000000001
6.3583333333334435 1.311
6.366656666666778 1.311
6.366666666666777 1.262
6.374990000000111 1.262
6.375000000000111 1.312
6.383323333333445 1.312
6.383333333333445 1.263
6.391656666666779 1.263
6.3916666666667785 1.313
6.399990000000113 1.313
6.400000000000112 1.264
6.408323333333446 1.264
6.408333333333446 1.314
6.41665666666678 1.314
6.41666666666678 1.2650000000000001
6.424990000000114 1.2650000000000001
6.4250000000001135 1.315
6.433323333333448 1.315
6.433333333333447 1.266
6.441656666666781 1.266
6.441666666666781 1.316
6.449990000000115 1.316
6.450000000000115 1.267
6.458323333333449 1.267
6.4583333333334485 1.317
6.466656666666783 1.317
6.466666666666782 1.268
6.474990000000116 1.268
6.475000000000116 1.318
6.48332333333345 1.318
6.48333333333345 1.2690000000000001
6.491656666666784 1.2690000000000001
6.4916666666667835 1.319
6.499990000000118 1.319
6.500000000000117 1.27
6.508323333333451 1.27
6.508333333333451 1.32
6.516656666666785 1.32
6.516666666666785 1.271
6.524990000000119 1.271
6.5250000000001185 1.321
6.533323333333453 1.321
6.533333333333452 1.272
6.541656666666786 1.272
6.541666666666786 1.322
6.54999000000012 1.322
6.55000000000012 1.2730000000000001
6.558323333333454 1.2730000000000001
6.5583333333334535 1.323
6.566656666666788 1.323
6.566666666666787 1.274
6.574990000000121 1.274
6.575000000000121 1.324
6.583323333333455 1.324
6.583333333333455 1.275
6.591656666666789 1.275
6.5916666666667885 1.325
6.599990000000123 1.325
6.600000000000122 1.276
6.608323333333456 1.276
6.608333333333456 1.326
6.61665666666679 1.326
6.61666666666679 1.2770000000000001
6.624990000000124 1.2770000000000001
6.6250000000001235 1.327
6.633323333333458 1.327
6.633333333333457 1.278
6.641656666666791 1.278
6.641666666666791 1.328
6.649990000000125 1.328
6.650000000000125 1.279
6.658323333333459 1.279
6.6583333333334584 1.329
6.666656666666793 1.329
6.666666666666792 1.28
6.674990000000126 1.28
6.675000000000126 1.33
6.68332333333346 1.33
6.68333333333346 1.2810000000000001
6.691656666666794 1.2810000000000001
6.691666666666793 1.331
6.699990000000128 1.331
6.700000000000127 1.282
6.708323333333461 1.282
6.708333333333461 1.332
6.716656666666795 1.332
6.716666666666795 1.283
6.724990000000129 1.283
6.725000000000128 1.333
6.733323333333463 1.333
6.733333333333462 1.284
6.741656666666796 1.284
6.741666666666796 1.334
6.74999000000013 1.334
6.75000000000013 1.285
6.758323333333464 1.285
6.758333333333463 1.335
6.7666566666667975 1.335
6.766666666666797 1.286
6.774990000000131 1.286
6.775000000000131 1.336
6.783323333333465 1.336
6.783333333333465 1.287
6.791656666666799 1.287
6.791666666666798 1.337
6.7999900000001325 1.337
6.800000000000132 1.288
6.808323333333466 1.288
6.808333333333466 1.338
6.8166566666668 1.338
6.8166666666668 1.289
6.824990000000134 1.289
6.825000000000133 1.339
6.8333233333334675 1.339
6.833333333333467 1.29
6.841656666666801 1.29
6.841666666666801 1.34
6.849990000000135 1.34
6.850000000000135 1.291
6.858323333333469 1.291
6.858333333333468 1.341
6.8666566666668025 1.341
6.866666666666802 1.292
6.874990000000136 1.292
6.875000000000136 1.342
6.88332333333347 1.342
6.88333333333347 1.293
6.891656666666804 1.293
6.891666666666803 1.343
6.8999900000001375 1.343
6.900000000000137 1.294
6.908323333333471 1.294
6.908333333333471 1.3439999999999999
6.916656666666805 1.3439999999999999
6.916666666666805 1.295
6.924990000000139 1.295
6.925000000000138 1.345
6.9333233333334725 1.345
6.933333333333472 1.296
6.941656666666806 1.296
6.941666666666806 1.346
6.94999000000014 1.346
6.95000000000014 1.297
6.958323333333474 1.297
6.958333333333473 1.347
6.9666566666668075 1.347
6.966666666666807 1.298
6.974990000000141 1.298
6.975000000000141 1.3479999999999999
6.983323333333475 1.3479999999999999
6.983333333333475 1.299
6.991656666666809 1.299
6.991666666666808 1.349
6.9999900000001425 1.349
7.000000000000142 1.3
7.008323333333476 1.3
7.008333333333476 1.35
7.01665666666681 1.35
7.01666666666681 1.301
7.024990000000144 1.301
7.025000000000143 1.351
7.0333233333334775 1.351
7.033333333333477 1.302
7.041656666666811 1.302
7.041666666666811 1.3519999999999999
7.049990000000145 1.3519999999999999
7.050000000000145 1.303
7.058323333333479 1.303
7.058333333333478 1.353
7.0666566666668125 1.353
7.066666666666812 1.304
7.074990000000146 1.304
7.075000000000146 1.354
7.08332333333348 1.354
7.08333333333348 1.305
7.091656666666814 1.305
7.091666666666813 1.355
7.0999900000001475 1.355
7.100000000000147 1.306
7.108323333333481 1.306
7.108333333333481 1.3559999999999999
7.116656666666815 1.3559999999999999
7.116666666666815 1.307
7.124990000000149 1.307
7.125000000000148 1.357
7.1333233333334825 1.357
7.133333333333482 1.308
7.141656666666816 1.308
7.141666666666816 1.358
7.14999000000015 1.358
7.15000000000015 1.309
7.158323333333484 1.309
7.158333333333483 1.359
7.166656666666817 1.359
7.166666666666817 1.31
7.174990000000151 1.31
7.175000000000151 1.3599999999999999
7.183323333333485 1.3599999999999999
7.183333333333485 1.311
7.191656666666819 1.311
7.191666666666818 1.361
7.199990000000152 1.361
7.200000000000152 1.312
7.208323333333486 1.312
7.208333333333486 1.362
7.21665666666682 1.362
7.2166666666668196 1.313
7.224990000000154 1.313
7.225000000000153 1.363
7.233323333333487 1.363
7.233333333333487 1.314
7.241656666666821 1.314
7.241666666666821 1.3639999999999999
7.249990000000155 1.3639999999999999
7.2500000000001545 1.315
7.258323333333489 1.315
7.258333333333488 1.365
7.266656666666822 1.365
7.266666666666822 1.316
7.274990000000156 1.316
7.275000000000156 1.366
7.28332333333349 1.366
7.2833333333334895 1.317
7.291656666666824 1.317
7.291666666666823 1.367
7.299990000000157 1.367
7.300000000000157 1.318
7.308323333333491 1.318
7.308333333333491 1.3679999999999999
7.316656666666825 1.3679999999999999
7.3166666666668245 1.319
7.324990000000159 1.319
7.325000000000158 1.369
7.333323333333492 1.369
7.333333333333492 1.32
7.341656666666826 1.32
7.341666666666826 1.37
7.34999000000016 1.37
7.3500000000001595 1.321
7.358323333333494 1.321
7.358333333333493 1.371
7.366656666666827 1.371
7.366666666666827 1.322
7.374990000000161 1.322
7.375000000000161 1.3719999999999999
7.383323333333495 1.3719999999999999
7.3833333333334945 1.323
7.391656666666829 1.323
7.391666666666828 1.373
7.399990000000162 1.373
7.400000000000162 1.324
7.408323333333496 1.324
7.408333333333496 1.374
7.41665666666683 1.374
7.4166666666668295 1.325
7.424990000000164 1.325
7.425000000000163 1.375
7.433323333333497 1.375
7.433333333333497 1.326
7.441656666666831 1.326
7.441666666666831 1.376
7.449990000000165 1.376
7.4500000000001645 1.327
7.458323333333499 1.327
7.458333333333498 1.377
7.466656666666832 1.377
7.466666666666832 1.328
7.474990000000166 1.328
7.475000000000166 1.3780000000000001
7.4833233333335 1.3780000000000001
7.4833333333334995 1.329
7.491656666666834 1.329
7.491666666666833 1.379
7.499990000000167 1.379
7.500000000000167 1.33
7.508323333333501 1.33
7.508333333333501 1.38
7.516656666666835 1.38
7.5166666666668345 1.331
7.524990000000169 1.331
7.525000000000168 1.381
7.533323333333502 1.381
7.533333333333502 1.332
7.541656666666836 1.332
7.541666666666836 1.3820000000000001
7.54999000000017 1.3820000000000001
7.5500000000001695 1.333
7.558323333333504 1.333
7.558333333333503 1.383
7.566656666666837 1.383
7.566666666666837 1.334
7.574990000000171 1.334
7.575000000000171 1.384
7.583323333333505 1.384
7.5833333333335045 1.335
7.591656666666839 1.335
7.591666666666838 1.385
7.599990000000172 1.385
7.600000000000172 1.336
7.608323333333506 1.336
7.608333333333506 1.3860000000000001
7.61665666666684 1.3860000000000001
7.6166666666668394 1.337
7.624990000000174 1.337
7.625000000000173 1.387
7.633323333333507 1.387
7.633333333333507 1.338
7.641656666666841 1.338
7.641666666666841 1.388
7.649990000000175 1.388
7.650000000000174 1.339
7.658323333333509 1.339
7.658333333333508 1.389
7.666656666666842 1.389
7.666666666666842 1.34
7.674990000000176 1.34
7.675000000000176 1.3900000000000001
7.68332333333351 1.3900000000000001
7.683333333333509 1.341
7.6916566666668436 1.341
7.691666666666843 1.391
7.699990000000177 1.391
7.700000000000177 1.342
7.708323333333511 1.342
7.708333333333511 1.392
7.716656666666845 1.392
7.716666666666844 1.343
7.7249900000001785 1.343
7.725000000000178 1.393
7.733323333333512 1.393
7.733333333333512 1.3439999999999999
7.741656666666846 1.3439999999999999
7.741666666666846 1.3940000000000001
7.74999000000018 1.3940000000000001
7.750000000000179 1.345
7.7583233333335135 1.345
7.758333333333513 1.395
7.766656666666847 1.395
7.766666666666847 1.346
7.774990000000181 1.346
7.775000000000181 1.396
7.783323333333515 1.396
7.783333333333514 1.347
7.7916566666668485 1.347
7.791666666666848 1.397
7.799990000000182 1.397
7.800000000000182 1.3479999999999999
7.808323333333516 1.3479999999999999
7.808333333333516 1.3980000000000001
7.81665666666685 1.3980000000000001
7.816666666666849 1.349
7.8249900000001835 1.349
7.825000000000183 1.399
7.833323333333517 1.399
7.833333333333517 1.35
7.841656666666851 1.35
7.841666666666851 1.4
7.849990000000185 1.4
7.850000000000184 1.351
7.8583233333335185 1.351
7.858333333333518 1.401
7.866656666666852 1.401
7.866666666666852 1.3519999999999999
7.874990000000186 1.3519999999999999
7.875000000000186 1.4020000000000001
7.88332333333352 1.4020000000000001
7.883333333333519 1.353
7.8916566666668535 1.353
7.891666666666853 1.403
7.899990000000187 1.403
7.900000000000187 1.354
7.908323333333521 1.354
7.908333333333521 1.404
7.916656666666855 1.404
7.916666666666854 1.355
7.9249900000001885 1.355
7.925000000000188 1.405
7.933323333333522 1.405
7.933333333333522 1.3559999999999999
7.941656666666856 1.3559999999999999
7.941666666666856 1.4060000000000001
7.94999000000019 1.4060000000000001
7.950000000000189 1.357
7.9583233333335235 1.357
7.958333333333523 1.407
7.966656666666857 1.407
7.966666666666857 1.358
7.974990000000191 1.358
7.975000000000191 1.408
7.983323333333525 1.408
7.983333333333524 1.359
7.9916566666668585 1.359
7.991666666666858 1.409
7.999990000000192 1.409
8.000000000000192 1.3599999999999999
8.008323333333525 1.3599999999999999
8.008333333333525 1.41
8.016656666666858 1.41
8.016666666666858 1.361
8.02499000000019 1.361
8.02500000000019 1.411
8.033323333333524 1.411
8.033333333333523 1.362
8.041656666666857 1.362
8.041666666666856 1.412
8.04999000000019 1.412
8.050000000000189 1.363
8.058323333333522 1.363
8.058333333333522 1.413
8.066656666666855 1.413
8.066666666666855 1.3639999999999999
8.074990000000188 1.3639999999999999
8.075000000000188 1.414
8.08332333333352 1.414
8.08333333333352 1.365
8.091656666666854 1.365
8.091666666666853 1.415
8.099990000000187 1.415
8.100000000000186 1.366
8.10832333333352 1.366
8.108333333333519 1.416
8.116656666666852 1.416
8.116666666666852 1.367
8.124990000000185 1.367
8.125000000000185 1.417
8.133323333333518 1.417
8.133333333333518 1.3679999999999999
8.14165666666685 1.3679999999999999
8.14166666666685 1.418
8.149990000000184 1.418
8.150000000000183 1.369
8.158323333333517 1.369
8.158333333333516 1.419
8.16665666666685 1.419
8.166666666666849 1.37
8.174990000000182 1.37
8.175000000000182 1.42
8.183323333333515 1.42
8.183333333333515 1.371
8.191656666666848 1.371
8.191666666666848 1.421
8.19999000000018 1.421
8.20000000000018 1.3719999999999999
8.208323333333514 1.3719999999999999
8.208333333333513 1.422
8.216656666666847 1.422
8.216666666666846 1.373
8.22499000000018 1.373
8.225000000000179 1.423
8.233323333333512 1.423
8.233333333333512 1.374
8.241656666666845 1.374
8.241666666666845 1.424
8.249990000000178 1.424
8.250000000000178 1.375
8.25832333333351 1.375
8.25833333333351 1.425
8.266656666666844 1.425
8.266666666666843 1.376
8.274990000000177 1.376
8.275000000000176 1.426
8.28332333333351 1.426
8.283333333333509 1.377
8.291656666666842 1.377
8.291666666666842 1.427
8.299990000000175 1.427
8.300000000000175 1.3780000000000001
8.308323333333508 1.3780000000000001
8.308333333333508 1.428
8.316656666666841 1.428
8.31666666666684 1.379
8.324990000000174 1.379
8.325000000000173 1.429
8.333323333333507 1.429
8.333333333333506 1.38
8.34165666666684 1.38
8.341666666666839 1.43
8.349990000000172 1.43
8.350000000000172 1.381
8.358323333333505 1.381
8.358333333333505 1.431
8.366656666666838 1.431
8.366666666666838 1.3820000000000001
8.374990000000171 1.3820000000000001
8.37500000000017 1.432
8.383323333333504 1.432
8.383333333333503 1.383
8.391656666666837 1.383
8.391666666666836 1.433
8.39999000000017 1.433
8.400000000000169 1.384
8.408323333333502 1.384
8.408333333333502 1.434
8.416656666666835 1.434
8.416666666666835 1.385
8.424990000000168 1.385
8.425000000000168 1.435
8.433323333333501 1.435
8.4333333333335 1.3860000000000001
8.441656666666834 1.3860000000000001
8.441666666666833 1.436
8.449990000000167 1.436
8.450000000000166 1.387
8.4583233333335 1.387
8.4583333333335 1.437
8.466656666666832 1.437
8.466666666666832 1.388
8.474990000000165 1.388
8.475000000000165 1.438
8.483323333333498 1.438
8.483333333333498 1.389
8.491656666666831 1.389
8.49166666666683 1.439
8.499990000000164 1.439
8.500000000000163 1.3900000000000001
8.508323333333497 1.3900000000000001
8.508333333333496 1.44
8.51665666666683 1.44
8.51666666666683 1.391
8.524990000000162 1.391
8.525000000000162 1.441
8.533323333333495 1.441
8.533333333333495 1.392
8.541656666666828 1.392
8.541666666666828 1.442
8.549990000000161 1.442
8.55000000000016 1.393
8.558323333333494 1.393
8.558333333333493 1.443
8.566656666666827 1.443
8.566666666666826 1.3940000000000001
8.57499000000016 1.3940000000000001
8.57500000000016 1.444
8.583323333333492 1.444
8.583333333333492 1.395
8.591656666666825 1.395
8.591666666666825 1.445
8.599990000000158 1.445
8.600000000000158 1.396
8.608323333333491 1.396
8.60833333333349 1.446
8.616656666666824 1.446
8.616666666666823 1.397
8.624990000000157 1.397
8.625000000000156 1.447
8.63332333333349 1.447
8.63333333333349 1.3980000000000001
8.641656666666822 1.3980000000000001
8.641666666666822 1.448
8.649990000000155 1.448
8.650000000000155 1.399
8.658323333333488 1.399
8.658333333333488 1.449
8.666656666666821 1.449
8.66666666666682 1.4
8.674990000000154 1.4
8.675000000000153 1.45
8.683323333333487 1.45
8.683333333333486 1.401
8.69165666666682 1.401
8.69166666666682 1.451
8.699990000000152 1.451
8.700000000000152 1.4020000000000001
8.708323333333485 1.4020000000000001
8.708333333333485 1.452
8.716656666666818 1.452
8.716666666666818 1.403
8.724990000000151 1.403
8.72500000000015 1.453
8.733323333333484 1.453
8.733333333333483 1.404
8.741656666666817 1.404
8.741666666666816 1.454
8.74999000000015 1.454
8.75000000000015 1.405
8.758323333333482 1.405
8.758333333333482 1.455
8.766656666666815 1.455
8.766666666666815 1.4060000000000001
8.774990000000148 1.4060000000000001
8.775000000000148 1.456
8.783323333333481 1.456
8.78333333333348 1.407
8.791656666666814 1.407
8.791666666666814 1.457
8.799990000000147 1.457
8.800000000000146 1.408
8.80832333333348 1.408
8.80833333333348 1.458
8.816656666666812 1.458
8.816666666666812 1.409
8.824990000000145 1.409
8.825000000000145 1.459
8.833323333333478 1.459
8.833333333333478 1.41
8.841656666666811 1.41
8.84166666666681 1.46
8.849990000000144 1.46
8.850000000000144 1.411
8.858323333333477 1.411
8.858333333333476 1.461
8.86665666666681 1.461
8.86666666666681 1.412
8.874990000000142 1.412
8.875000000000142 1.462
8.883323333333475 1.462
8.883333333333475 1.413
8.891656666666808 1.413
8.891666666666808 1.463
8.899990000000141 1.463
8.90000000000014 1.414
8.908323333333474 1.414
8.908333333333474 1.464
8.916656666666807 1.464
8.916666666666806 1.415
8.92499000000014 1.415
8.92500000000014 1.465
8.933323333333473 1.465
8.933333333333472 1.416
8.941656666666805 1.416
8.941666666666805 1.466
8.949990000000138 1.466
8.950000000000138 1.417
8.958323333333471 1.417
8.95833333333347 1.467
8.966656666666804 1.467
8.966666666666804 1.418
8.974990000000137 1.418
8.975000000000136 1.468
8.98332333333347 1.468
8.98333333333347 1.419
8.991656666666803 1.419
8.991666666666802 1.4689999999999999
8.999990000000135 1.4689999999999999
9.000000000000135 1.42
9.008323333333468 1.42
9.008333333333468 1.47
9.016656666666801 1.47
9.0166666666668 1.421
9.024990000000134 1.421
9.025000000000134 1.471
9.033323333333467 1.471
9.033333333333466 1.422
9.0416566666668 1.422
9.0416666666668 1.472
9.049990000000133 1.472
9.050000000000132 1.423
9.058323333333465 1.423
9.058333333333465 1.4729999999999999
9.066656666666798 1.4729999999999999
9.066666666666798 1.424
9.074990000000131 1.424
9.07500000000013 1.474
9.083323333333464 1.474
9.083333333333464 1.425
9.091656666666797 1.425
9.091666666666796 1.475
9.09999000000013 1.475
9.10000000000013 1.426
9.108323333333463 1.426
9.108333333333462 1.476
9.116656666666795 1.476
9.116666666666795 1.427
9.124990000000128 1.427
9.125000000000128 1.4769999999999999
9.133323333333461 1.4769999999999999
9.13333333333346 1.428
9.141656666666794 1.428
9.141666666666794 1.478
9.149990000000127 1.478
9.150000000000126 1.429
9.15832333333346 1.429
9.15833333333346 1.479
9.166656666666793 1.479
9.166666666666792 1.43
9.174990000000125 1.43
9.175000000000125 1.48
9.183323333333458 1.48
9.183333333333458 1.431
9.191656666666791 1.431
9.19166666666679 1.4809999999999999
9.199990000000124 1.4809999999999999
9.200000000000124 1.432
9.208323333333457 1.432
9.208333333333456 1.482
9.21665666666679 1.482
9.21666666666679 1.433
9.224990000000123 1.433
9.225000000000122 1.483
9.233323333333455 1.483
9.233333333333455 1.434
9.241656666666788 1.434
9.241666666666788 1.484
9.249990000000121 1.484
9.25000000000012 1.435
9.258323333333454 1.435
9.258333333333454 1.4849999999999999
9.266656666666787 1.4849999999999999
9.266666666666787 1.436
9.27499000000012 1.436
9.27500000000012 1.486
9.283323333333453 1.486
9.283333333333452 1.437
9.291656666666785 1.437
9.291666666666785 1.487
9.299990000000118 1.487
9.300000000000118 1.438
9.308323333333451 1.438
9.30833333333345 1.488
9.316656666666784 1.488
9.316666666666784 1.439
9.324990000000117 1.439
9.325000000000117 1.4889999999999999
9.33332333333345 1.4889999999999999
9.33333333333345 1.44
9.341656666666783 1.44
9.341666666666782 1.49
9.349990000000115 1.49
9.350000000000115 1.441
9.358323333333448 1.441
9.358333333333448 1.491
9.366656666666781 1.491
9.36666666666678 1.442
9.374990000000114 1.442
9.375000000000114 1.492
9.383323333333447 1.492
9.383333333333447 1.443
9.39165666666678 1.443
9.39166666666678 1.4929999999999999
9.399990000000113 1.4929999999999999
9.400000000000112 1.444
9.408323333333446 1.444
9.408333333333445 1.494
9.416656666666778 1.494
9.416666666666778 1.445
9.424990000000111 1.445
9.42500000000011 1.495
9.433323333333444 1.495
9.433333333333444 1.446
9.441656666666777 1.446
9.441666666666777 1.496
9.44999000000011 1.496
9.45000000000011 1.447
9.458323333333443 1.447
9.458333333333442 1.4969999999999999
9.466656666666776 1.4969999999999999
9.466666666666775 1.448
9.474990000000108 1.448
9.475000000000108 1.498
9.483323333333441 1.498
9.48333333333344 1.449
9.491656666666774 1.449
9.491666666666774 1.499
9.499990000000107 1.499
9.500000000000107 1.45
9.50832333333344 1.45
9.50833333333344 1.5
9.516656666666773 1.5
9.516666666666772 1.451
9.524990000000106 1.451
9.525000000000105 1.501
9.533323333333438 1.501
9.533333333333438 1.452
9.541656666666771 1.452
9.54166666666677 1.502
9.549990000000104 1.502
9.550000000000104 1.453
9.558323333333437 1.453
9.558333333333437 1.5030000000000001
9.56665666666677 1.5030000000000001
9.56666666666677 1.454
9.574990000000103 1.454
9.575000000000102 1.504
9.583323333333436 1.504
9.583333333333435 1.455
9.591656666666768 1.455
9.591666666666768 1.505
9.599990000000101 1.505
9.600000000000101 1.456
9.608323333333434 1.456
9.608333333333434 1.506
9.616656666666767 1.506
9.616666666666767 1.457
9.6249900000001 1.457
9.6250000000001 1.5070000000000001
9.633323333333433 1.5070000000000001
9.633333333333432 1.458
9.641656666666766 1.458
9.641666666666765 1.508
9.649990000000098 1.508
9.650000000000098 1.459
9.658323333333431 1.459
9.658333333333431 1.509
9.666656666666764 1.509
9.666666666666764 1.46
9.674990000000097 1.46
9.675000000000097 1.51
9.68332333333343 1.51
9.68333333333343 1.461
9.691656666666763 1.461
9.691666666666762 1.5110000000000001
9.699990000000096 1.5110000000000001
9.700000000000095 1.462
9.708323333333428 1.462
9.708333333333428 1.512
9.716656666666761 1.512
9.716666666666761 1.463
9.724990000000094 1.463
9.725000000000094 1.513
9.733323333333427 1.513
9.733333333333427 1.464
9.74165666666676 1.464
9.74166666666676 1.514
9.749990000000093 1.514
9.750000000000092 1.465
9.758323333333426 1.465
9.758333333333425 1.5150000000000001
9.766656666666758 1.5150000000000001
9.766666666666758 1.466
9.774990000000091 1.466
9.775000000000091 1.516
9.783323333333424 1.516
9.783333333333424 1.467
9.791656666666757 1.467
9.791666666666757 1.517
9.79999000000009 1.517
9.80000000000009 1.468
9.808323333333423 1.468
9.808333333333422 1.518
9.816656666666756 1.518
9.816666666666755 1.4689999999999999
9.824990000000088 1.4689999999999999
9.825000000000088 1.5190000000000001
9.833323333333421 1.5190000000000001
9.833333333333421 1.47
9.841656666666754 1.47
9.841666666666754 1.52
9.849990000000087 1.52
