0.0, 3.574468085106386e-06
0.002, 3.4893617021276625e-06
0.004, 3.4042553191489393e-06
0.006, 3.4042553191489393e-06
0.008, 3.3191489361702157e-06
0.01, 3.3191489361702157e-06
0.012, 3.3191489361702157e-06
0.014, 3.234042553191492e-06
0.016, 3.148936170212769e-06
0.018, 3.234042553191492e-06
0.02, 3.234042553191492e-06
0.022, 3.0638297872340453e-06
0.024, 3.0638297872340453e-06
0.026, 3.0638297872340453e-06
0.028, 3.0638297872340453e-06
0.03, 3.0638297872340453e-06
0.032, 3.0638297872340453e-06
0.034, 2.9787234042553217e-06
0.036, 2.9787234042553217e-06
0.038, 3.0638297872340453e-06
0.04, 2.9787234042553217e-06
0.042, 2.9787234042553217e-06
0.044, 2.9787234042553217e-06
0.046, 2.9787234042553217e-06
0.048, 2.893617021276598e-06
0.05, 2.893617021276598e-06
0.052, 2.9787234042553217e-06
0.054, 2.893617021276598e-06
0.056, 2.893617021276598e-06
0.058, 2.893617021276598e-06
0.06, 2.893617021276598e-06
0.062, 2.893617021276598e-06
0.064, 2.893617021276598e-06
0.066, 2.808510638297875e-06
0.068, -1.1914893617021287e-06
0.07, -1.8723404255319166e-06
0.072, -1.7021276595744696e-06
0.074, -1.446808510638299e-06
0.076, -1.0212765957446817e-06
0.078, -5.957446808510643e-07
0.08, -2.553191489361704e-07
0.082, 0.0
0.084, 2.553191489361704e-07
0.086, 4.255319148936174e-07
0.088, 5.957446808510643e-07
0.09, 7.659574468085113e-07
0.092, 8.510638297872348e-07
0.094, 1.0212765957446817e-06
0.096, 1.1914893617021287e-06
0.098, 1.1063829787234053e-06
0.1, 1.1063829787234053e-06
0.102, 1.2765957446808523e-06
0.104, 1.2765957446808523e-06
0.106, 1.3617021276595757e-06
0.108, 1.3617021276595757e-06
0.11, 1.446808510638299e-06
0.112, 1.446808510638299e-06
0.114, 1.446808510638299e-06
0.116, 1.617021276595746e-06
0.118, 1.617021276595746e-06
0.12, 1.5319148936170227e-06
0.122, 1.5319148936170227e-06
0.124, 1.617021276595746e-06
0.126, 1.7021276595744696e-06
0.128, 1.7021276595744696e-06
0.13, 1.7021276595744696e-06
0.132, 1.7021276595744696e-06
0.134, 1.7021276595744696e-06
0.136, 1.787234042553193e-06
0.138, 1.7021276595744696e-06
0.14, 1.7021276595744696e-06
0.142, 1.787234042553193e-06
0.144, 1.7021276595744696e-06
0.146, 1.7021276595744696e-06
0.148, 1.787234042553193e-06
0.15, 1.787234042553193e-06
0.152, 1.8723404255319166e-06
0.154, 1.787234042553193e-06
0.156, 1.8723404255319166e-06
0.158, 1.787234042553193e-06
0.16, 1.8723404255319166e-06
0.162, 1.8723404255319166e-06
0.164, 1.787234042553193e-06
0.166, 1.8723404255319166e-06
0.168, 1.9574468085106402e-06
0.17, 1.8723404255319166e-06
0.172, 1.9574468085106402e-06
0.174, 1.8723404255319166e-06
0.176, 1.9574468085106402e-06
0.178, 1.8723404255319166e-06
0.18, 1.9574468085106402e-06
0.182, 1.9574468085106402e-06
0.184, 1.9574468085106402e-06
0.186, 1.9574468085106402e-06
0.188, 1.9574468085106402e-06
0.19, 1.9574468085106402e-06
0.192, 1.9574468085106402e-06
0.194, 2.0425531914893634e-06
0.196, 1.9574468085106402e-06
0.198, 1.9574468085106402e-06
0.2, 1.9574468085106402e-06
0.202, 2.0425531914893634e-06
0.204, 1.9574468085106402e-06
0.206, 1.9574468085106402e-06
0.208, 2.0425531914893634e-06
0.21, 1.9574468085106402e-06
0.212, 1.9574468085106402e-06
0.214, 2.0425531914893634e-06
0.216, 1.9574468085106402e-06
0.218, 2.0425531914893634e-06
0.22, 2.0425531914893634e-06
0.222, 1.9574468085106402e-06
0.224, 2.0425531914893634e-06
0.226, 1.9574468085106402e-06
0.228, 1.9574468085106402e-06
0.23, 1.9574468085106402e-06
0.232, 2.0425531914893634e-06
0.234, 2.0425531914893634e-06
0.236, 1.9574468085106402e-06
0.238, 2.0425531914893634e-06
0.24, 2.0425531914893634e-06
0.242, 2.0425531914893634e-06
0.244, 2.0425531914893634e-06
0.246, 2.0425531914893634e-06
0.248, 2.0425531914893634e-06
0.25, 1.9574468085106402e-06
0.252, 2.0425531914893634e-06
0.254, 2.0425531914893634e-06
0.256, 2.0425531914893634e-06
0.258, 2.0425531914893634e-06
0.26, 2.0425531914893634e-06
0.262, 2.0425531914893634e-06
0.264, 2.127659574468087e-06
0.266, 2.0425531914893634e-06
0.268, 2.0425531914893634e-06
0.27, 2.127659574468087e-06
0.272, 2.127659574468087e-06
0.274, 2.0425531914893634e-06
0.276, 2.0425531914893634e-06
0.278, 2.127659574468087e-06
0.28, 2.0425531914893634e-06
0.282, 2.0425531914893634e-06
0.284, 2.0425531914893634e-06
0.286, 2.0425531914893634e-06
0.288, 2.0425531914893634e-06
0.29, 2.0425531914893634e-06
0.292, 2.127659574468087e-06
0.294, 2.0425531914893634e-06
0.296, 2.0425531914893634e-06
0.298, 2.127659574468087e-06
0.3, 2.0425531914893634e-06
0.302, 2.0425531914893634e-06
0.304, 2.2127659574468106e-06
0.306, 2.0425531914893634e-06
0.308, 2.0425531914893634e-06
0.31, 2.127659574468087e-06
0.312, 2.127659574468087e-06
0.314, 2.0425531914893634e-06
0.316, 2.0425531914893634e-06
0.318, 2.127659574468087e-06
0.32, 2.0425531914893634e-06
0.322, 2.0425531914893634e-06
0.324, 2.127659574468087e-06
0.326, 2.127659574468087e-06
0.328, 2.127659574468087e-06
0.33, 2.127659574468087e-06
0.332, 2.0425531914893634e-06
0.334, 2.127659574468087e-06
0.336, 2.0425531914893634e-06
0.338, 2.127659574468087e-06
0.34, 2.127659574468087e-06
0.342, 2.127659574468087e-06
0.344, 2.127659574468087e-06
0.346, 2.0425531914893634e-06
0.348, 2.0425531914893634e-06
0.35, 2.2127659574468106e-06
0.352, 2.127659574468087e-06
0.354, 2.127659574468087e-06
0.356, 2.127659574468087e-06
0.358, 2.0425531914893634e-06
0.36, 2.0425531914893634e-06
0.362, 2.127659574468087e-06
0.364, 2.2127659574468106e-06
0.366, 2.127659574468087e-06
0.368, 2.0425531914893634e-06
0.37, 2.2127659574468106e-06
0.372, 2.127659574468087e-06
0.374, 2.127659574468087e-06
0.376, 2.127659574468087e-06
0.378, 2.127659574468087e-06
0.38, 2.127659574468087e-06
0.382, 2.127659574468087e-06
0.384, 2.127659574468087e-06
0.386, 2.127659574468087e-06
0.388, 2.0425531914893634e-06
0.39, 2.0425531914893634e-06
0.392, 2.127659574468087e-06
0.394, 2.0425531914893634e-06
0.396, 2.0425531914893634e-06
0.398, 2.127659574468087e-06
0.4, 2.127659574468087e-06
0.402, 2.127659574468087e-06
0.404, 2.0425531914893634e-06
0.406, 2.127659574468087e-06
0.408, 2.127659574468087e-06
0.41, 2.127659574468087e-06
0.412, 2.0425531914893634e-06
0.414, 2.127659574468087e-06
0.416, 2.127659574468087e-06
0.418, 2.127659574468087e-06
0.42, 2.127659574468087e-06
0.422, 2.127659574468087e-06
0.424, 2.0425531914893634e-06
0.426, 2.127659574468087e-06
0.428, 2.127659574468087e-06
0.43, 2.127659574468087e-06
0.432, 2.127659574468087e-06
0.434, 2.127659574468087e-06
0.436, 2.0425531914893634e-06
0.438, 2.127659574468087e-06
0.44, 2.127659574468087e-06
0.442, 2.2127659574468106e-06
0.444, 2.127659574468087e-06
0.446, 2.0425531914893634e-06
0.448, 2.127659574468087e-06
0.45, 2.127659574468087e-06
0.452, 2.127659574468087e-06
0.454, 2.127659574468087e-06
0.456, 2.127659574468087e-06
0.458, 2.127659574468087e-06
0.46, 2.127659574468087e-06
0.462, 2.0425531914893634e-06
0.464, 2.127659574468087e-06
0.466, 2.127659574468087e-06
0.468, 5.6170212765957406e-06
0.47, 6.297872340425528e-06
0.472, 6.297872340425528e-06
0.474, 5.957446808510634e-06
0.476, 5.531914893617017e-06
0.478, 5.191489361702132e-06
0.48, 4.936170212765962e-06
0.482, 4.680851063829791e-06
0.484, 4.425531914893621e-06
0.486, 4.255319148936174e-06
0.488, 4.085106382978727e-06
0.49, 4.000000000000003e-06
0.492, 3.829787234042557e-06
0.494, 3.829787234042557e-06
0.496, 3.6595744680851097e-06
0.498, 3.6595744680851097e-06
0.5, 3.574468085106386e-06
0.502, 3.4893617021276625e-06
0.504, 3.4042553191489393e-06
0.506, 3.4042553191489393e-06
0.508, 3.3191489361702157e-06
0.51, 3.3191489361702157e-06
0.512, 3.3191489361702157e-06
0.514, 3.234042553191492e-06
0.516, 3.148936170212769e-06
0.518, 3.148936170212769e-06
0.52, 3.148936170212769e-06
0.522, 3.148936170212769e-06
0.524, 3.148936170212769e-06
0.526, 3.0638297872340453e-06
0.528, 3.0638297872340453e-06
0.53, 2.9787234042553217e-06
0.532, 3.0638297872340453e-06
0.534, 3.0638297872340453e-06
0.536, 2.9787234042553217e-06
0.538, 2.9787234042553217e-06
0.54, 2.893617021276598e-06
0.542, 2.893617021276598e-06
0.544, 2.893617021276598e-06
0.546, 2.893617021276598e-06
0.548, 2.808510638297875e-06
0.55, 2.893617021276598e-06
0.552, 2.893617021276598e-06
0.554, 2.808510638297875e-06
0.556, 2.893617021276598e-06
0.558, 2.893617021276598e-06
0.56, 2.808510638297875e-06
0.562, 2.808510638297875e-06
0.564, 2.808510638297875e-06
0.566, 2.808510638297875e-06
0.568, -1.1063829787234053e-06
0.57, -1.8723404255319166e-06
0.572, -1.787234042553193e-06
0.574, -1.446808510638299e-06
0.576, -1.0212765957446817e-06
0.578, -6.808510638297878e-07
0.58, -2.553191489361704e-07
0.582, 0.0
0.584, 2.553191489361704e-07
0.586, 3.404255319148939e-07
0.588, 6.808510638297878e-07
0.59, 6.808510638297878e-07
0.592, 8.510638297872348e-07
0.594, 9.361702127659583e-07
0.596, 1.0212765957446817e-06
0.598, 1.1063829787234053e-06
0.6, 1.1914893617021287e-06
0.602, 1.2765957446808523e-06
0.604, 1.2765957446808523e-06
0.606, 1.3617021276595757e-06
0.608, 1.3617021276595757e-06
0.61, 1.446808510638299e-06
0.612, 1.446808510638299e-06
0.614, 1.446808510638299e-06
0.616, 1.5319148936170227e-06
0.618, 1.5319148936170227e-06
0.62, 1.446808510638299e-06
0.622, 1.5319148936170227e-06
0.624, 1.617021276595746e-06
0.626, 1.617021276595746e-06
0.628, 1.617021276595746e-06
0.63, 1.617021276595746e-06
0.632, 1.7021276595744696e-06
0.634, 1.7021276595744696e-06
0.636, 1.7021276595744696e-06
0.638, 1.7021276595744696e-06
0.64, 1.7021276595744696e-06
0.642, 1.7021276595744696e-06
0.644, 1.787234042553193e-06
0.646, 1.8723404255319166e-06
0.648, 1.7021276595744696e-06
0.65, 1.787234042553193e-06
0.652, 1.7021276595744696e-06
0.654, 1.787234042553193e-06
0.656, 1.787234042553193e-06
0.658, 1.8723404255319166e-06
0.66, 1.787234042553193e-06
0.662, 1.8723404255319166e-06
0.664, 1.8723404255319166e-06
0.666, 1.8723404255319166e-06
0.668, 1.8723404255319166e-06
0.67, 1.8723404255319166e-06
0.672, 1.8723404255319166e-06
0.674, 1.8723404255319166e-06
0.676, 1.8723404255319166e-06
0.678, 1.8723404255319166e-06
0.68, 1.8723404255319166e-06
0.682, 1.9574468085106402e-06
0.684, 1.9574468085106402e-06
0.686, 1.8723404255319166e-06
0.688, 1.9574468085106402e-06
0.69, 1.9574468085106402e-06
0.692, 1.8723404255319166e-06
0.694, 1.8723404255319166e-06
0.696, 1.9574468085106402e-06
0.698, 1.9574468085106402e-06
0.7, 1.9574468085106402e-06
0.702, 2.0425531914893634e-06
0.704, 1.9574468085106402e-06
0.706, 1.9574468085106402e-06
0.708, 1.9574468085106402e-06
0.71, 1.9574468085106402e-06
0.712, 1.9574468085106402e-06
0.714, 1.9574468085106402e-06
0.716, 1.9574468085106402e-06
0.718, 2.0425531914893634e-06
0.72, 1.9574468085106402e-06
0.722, 1.9574468085106402e-06
0.724, 1.9574468085106402e-06
0.726, 1.9574468085106402e-06
0.728, 2.0425531914893634e-06
0.73, 2.0425531914893634e-06
0.732, 1.9574468085106402e-06
0.734, 2.0425531914893634e-06
0.736, 2.0425531914893634e-06
0.738, 1.9574468085106402e-06
0.74, 2.0425531914893634e-06
0.742, 2.0425531914893634e-06
0.744, 1.9574468085106402e-06
0.746, 1.9574468085106402e-06
0.748, 1.9574468085106402e-06
0.75, 1.9574468085106402e-06
0.752, 2.0425531914893634e-06
0.754, 2.0425531914893634e-06
0.756, 2.0425531914893634e-06
0.758, 2.0425531914893634e-06
0.76, 2.0425531914893634e-06
0.762, 2.0425531914893634e-06
0.764, 1.9574468085106402e-06
0.766, 2.0425531914893634e-06
0.768, 2.0425531914893634e-06
0.77, 2.0425531914893634e-06
0.772, 1.9574468085106402e-06
0.774, 2.0425531914893634e-06
0.776, 2.0425531914893634e-06
0.778, 2.0425531914893634e-06
0.78, 2.0425531914893634e-06
0.782, 2.127659574468087e-06
0.784, 2.0425531914893634e-06
0.786, 2.127659574468087e-06
0.788, 2.127659574468087e-06
0.79, 2.0425531914893634e-06
0.792, 2.0425531914893634e-06
0.794, 2.0425531914893634e-06
0.796, 1.9574468085106402e-06
0.798, 2.127659574468087e-06
0.8, 2.0425531914893634e-06
0.802, 2.127659574468087e-06
0.804, 2.0425531914893634e-06
0.806, 2.0425531914893634e-06
0.808, 2.0425531914893634e-06
0.81, 2.0425531914893634e-06
0.812, 2.0425531914893634e-06
0.814, 2.127659574468087e-06
0.816, 2.0425531914893634e-06
0.818, 2.0425531914893634e-06
0.82, 2.0425531914893634e-06
0.822, 2.0425531914893634e-06
0.824, 2.0425531914893634e-06
0.826, 2.0425531914893634e-06
0.828, 2.0425531914893634e-06
0.83, 1.9574468085106402e-06
0.832, 2.0425531914893634e-06
0.834, 2.127659574468087e-06
0.836, 2.0425531914893634e-06
0.838, 2.0425531914893634e-06
0.84, 2.127659574468087e-06
0.842, 2.0425531914893634e-06
0.844, 2.0425531914893634e-06
0.846, 2.0425531914893634e-06
0.848, 2.0425531914893634e-06
0.85, 2.0425531914893634e-06
0.852, 2.0425531914893634e-06
0.854, 2.127659574468087e-06
0.856, 2.127659574468087e-06
0.858, 2.127659574468087e-06
0.86, 2.127659574468087e-06
0.862, 2.127659574468087e-06
0.864, 2.0425531914893634e-06
0.866, 2.127659574468087e-06
0.868, 2.127659574468087e-06
0.87, 2.0425531914893634e-06
0.872, 2.127659574468087e-06
0.874, 2.127659574468087e-06
0.876, 2.0425531914893634e-06
0.878, 2.0425531914893634e-06
0.88, 2.127659574468087e-06
0.882, 2.0425531914893634e-06
0.884, 2.127659574468087e-06
0.886, 2.0425531914893634e-06
0.888, 2.127659574468087e-06
0.89, 2.127659574468087e-06
0.892, 2.0425531914893634e-06
0.894, 2.0425531914893634e-06
0.896, 2.0425531914893634e-06
0.898, 2.127659574468087e-06
0.9, 2.127659574468087e-06
0.902, 2.0425531914893634e-06
0.904, 2.0425531914893634e-06
0.906, 2.0425531914893634e-06
0.908, 2.127659574468087e-06
0.91, 2.127659574468087e-06
0.912, 2.0425531914893634e-06
0.914, 2.127659574468087e-06
0.916, 2.127659574468087e-06
0.918, 2.0425531914893634e-06
0.92, 2.127659574468087e-06
0.922, 2.0425531914893634e-06
0.924, 2.127659574468087e-06
0.926, 2.127659574468087e-06
0.928, 2.0425531914893634e-06
0.93, 2.0425531914893634e-06
0.932, 2.0425531914893634e-06
0.934, 2.127659574468087e-06
0.936, 2.0425531914893634e-06
0.938, 2.127659574468087e-06
0.94, 2.127659574468087e-06
0.942, 2.0425531914893634e-06
0.944, 2.0425531914893634e-06
0.946, 2.127659574468087e-06
0.948, 2.0425531914893634e-06
0.95, 2.127659574468087e-06
0.952, 2.0425531914893634e-06
0.954, 2.127659574468087e-06
0.956, 2.0425531914893634e-06
0.958, 2.127659574468087e-06
0.96, 2.0425531914893634e-06
0.962, 2.0425531914893634e-06
0.964, 2.0425531914893634e-06
0.966, 2.127659574468087e-06
0.968, 5.702127659574463e-06
0.97, 6.297872340425528e-06
0.972, 6.212765957446805e-06
0.974, 5.8723404255319105e-06
0.976, 5.446808510638293e-06
0.978, 5.191489361702132e-06
0.98, 4.851063829787238e-06
0.982, 4.5957446808510676e-06
0.984, 4.340425531914898e-06
0.986, 4.255319148936174e-06
0.988, 4.000000000000003e-06
0.99, 3.9148936170212805e-06
0.992, 3.829787234042557e-06
0.994, 3.7446808510638333e-06
0.996, 3.574468085106386e-06
0.998, 3.4893617021276625e-06
1.0, 3.574468085106386e-06
1.002, 3.4042553191489393e-06
1.004, 3.4042553191489393e-06
1.006, 3.3191489361702157e-06
1.008, 3.3191489361702157e-06
1.01, 3.234042553191492e-06
1.012, 3.234042553191492e-06
1.014, 3.234042553191492e-06
1.016, 3.148936170212769e-06
1.018, 3.148936170212769e-06
1.02, 3.148936170212769e-06
1.022, 3.148936170212769e-06
1.024, 3.0638297872340453e-06
1.026, 3.148936170212769e-06
1.028, 2.9787234042553217e-06
1.03, 2.9787234042553217e-06
1.032, 2.9787234042553217e-06
1.034, 2.9787234042553217e-06
1.036, 2.9787234042553217e-06
1.038, 2.9787234042553217e-06
1.04, 2.9787234042553217e-06
1.042, 2.808510638297875e-06
1.044, 2.893617021276598e-06
1.046, 2.893617021276598e-06
1.048, 2.893617021276598e-06
1.05, 2.808510638297875e-06
1.052, 2.893617021276598e-06
1.054, 2.7234042553191513e-06
1.056, 2.808510638297875e-06
1.058, 2.808510638297875e-06
1.06, 2.808510638297875e-06
1.062, 2.7234042553191513e-06
1.064, 2.7234042553191513e-06
1.066, 2.808510638297875e-06
1.068, -1.3617021276595757e-06
1.07, -1.9574468085106402e-06
1.072, -1.7021276595744696e-06
1.074, -1.446808510638299e-06
1.076, -1.0212765957446817e-06
1.078, -6.808510638297878e-07
1.08, -2.553191489361704e-07
1.082, -8.510638297872348e-08
1.084, 2.553191489361704e-07
1.086, 4.255319148936174e-07
1.088, 5.106382978723409e-07
1.09, 6.808510638297878e-07
1.092, 9.361702127659583e-07
1.094, 9.361702127659583e-07
1.096, 1.0212765957446817e-06
1.098, 1.1063829787234053e-06
1.1, 1.1914893617021287e-06
1.102, 1.1914893617021287e-06
1.104, 1.2765957446808523e-06
1.106, 1.2765957446808523e-06
1.108, 1.2765957446808523e-06
1.11, 1.3617021276595757e-06
1.112, 1.446808510638299e-06
1.114, 1.446808510638299e-06
1.116, 1.446808510638299e-06
1.118, 1.446808510638299e-06
1.12, 1.5319148936170227e-06
1.122, 1.5319148936170227e-06
1.124, 1.617021276595746e-06
1.126, 1.617021276595746e-06
1.128, 1.5319148936170227e-06
1.13, 1.7021276595744696e-06
1.132, 1.7021276595744696e-06
1.134, 1.7021276595744696e-06
1.136, 1.617021276595746e-06
1.138, 1.787234042553193e-06
1.14, 1.7021276595744696e-06
1.142, 1.7021276595744696e-06
1.144, 1.7021276595744696e-06
1.146, 1.7021276595744696e-06
1.148, 1.7021276595744696e-06
1.15, 1.787234042553193e-06
1.152, 1.787234042553193e-06
1.154, 1.787234042553193e-06
1.156, 1.787234042553193e-06
1.158, 1.8723404255319166e-06
1.16, 1.7021276595744696e-06
1.162, 1.8723404255319166e-06
1.164, 1.8723404255319166e-06
1.166, 1.8723404255319166e-06
1.168, 1.8723404255319166e-06
1.17, 1.787234042553193e-06
1.172, 1.8723404255319166e-06
1.174, 1.787234042553193e-06
1.176, 1.8723404255319166e-06
1.178, 1.8723404255319166e-06
1.18, 1.8723404255319166e-06
1.182, 1.8723404255319166e-06
1.184, 1.9574468085106402e-06
1.186, 1.8723404255319166e-06
1.188, 1.8723404255319166e-06
1.19, 1.8723404255319166e-06
1.192, 1.8723404255319166e-06
1.194, 1.8723404255319166e-06
1.196, 1.9574468085106402e-06
1.198, 1.9574468085106402e-06
1.2, 1.8723404255319166e-06
1.202, 1.9574468085106402e-06
1.204, 1.9574468085106402e-06
1.206, 1.8723404255319166e-06
1.208, 1.9574468085106402e-06
1.21, 1.8723404255319166e-06
1.212, 1.9574468085106402e-06
1.214, 1.9574468085106402e-06
1.216, 1.9574468085106402e-06
1.218, 1.9574468085106402e-06
1.22, 1.9574468085106402e-06
1.222, 1.9574468085106402e-06
1.224, 1.9574468085106402e-06
1.226, 1.8723404255319166e-06
1.228, 1.9574468085106402e-06
1.23, 1.9574468085106402e-06
1.232, 1.9574468085106402e-06
1.234, 1.9574468085106402e-06
1.236, 1.9574468085106402e-06
1.238, 1.9574468085106402e-06
1.24, 1.9574468085106402e-06
1.242, 1.9574468085106402e-06
1.244, 1.9574468085106402e-06
1.246, 1.9574468085106402e-06
1.248, 1.9574468085106402e-06
1.25, 2.0425531914893634e-06
1.252, 2.0425531914893634e-06
1.254, 1.9574468085106402e-06
1.256, 2.0425531914893634e-06
1.258, 1.9574468085106402e-06
1.26, 1.9574468085106402e-06
1.262, 1.9574468085106402e-06
1.264, 2.0425531914893634e-06
1.266, 1.9574468085106402e-06
1.268, 1.9574468085106402e-06
1.27, 1.9574468085106402e-06
1.272, 2.0425531914893634e-06
1.274, 1.9574468085106402e-06
1.276, 1.9574468085106402e-06
1.278, 1.9574468085106402e-06
1.28, 1.9574468085106402e-06
1.282, 2.0425531914893634e-06
1.284, 1.9574468085106402e-06
1.286, 1.9574468085106402e-06
1.288, 2.0425531914893634e-06
1.29, 2.0425531914893634e-06
1.292, 1.9574468085106402e-06
1.294, 1.9574468085106402e-06
1.296, 2.0425531914893634e-06
1.298, 2.0425531914893634e-06
1.3, 2.0425531914893634e-06
1.302, 2.0425531914893634e-06
1.304, 2.0425531914893634e-06
1.306, 2.0425531914893634e-06
1.308, 1.9574468085106402e-06
1.31, 2.0425531914893634e-06
1.312, 1.9574468085106402e-06
1.314, 2.0425531914893634e-06
1.316, 2.0425531914893634e-06
1.318, 1.9574468085106402e-06
1.32, 2.0425531914893634e-06
1.322, 2.127659574468087e-06
1.324, 2.0425531914893634e-06
1.326, 2.0425531914893634e-06
1.328, 1.9574468085106402e-06
1.33, 2.0425531914893634e-06
1.332, 2.0425531914893634e-06
1.334, 2.0425531914893634e-06
1.336, 2.127659574468087e-06
1.338, 2.0425531914893634e-06
1.34, 2.0425531914893634e-06
1.342, 2.127659574468087e-06
1.344, 2.0425531914893634e-06
1.346, 2.0425531914893634e-06
1.348, 2.0425531914893634e-06
1.35, 2.0425531914893634e-06
1.352, 2.0425531914893634e-06
1.354, 2.0425531914893634e-06
1.356, 2.0425531914893634e-06
1.358, 2.0425531914893634e-06
1.36, 1.9574468085106402e-06
1.362, 2.127659574468087e-06
1.364, 2.0425531914893634e-06
1.366, 2.0425531914893634e-06
1.368, 2.0425531914893634e-06
1.37, 2.0425531914893634e-06
1.372, 2.0425531914893634e-06
1.374, 2.0425531914893634e-06
1.376, 2.127659574468087e-06
1.378, 2.0425531914893634e-06
1.38, 1.9574468085106402e-06
1.382, 2.0425531914893634e-06
1.384, 2.0425531914893634e-06
1.386, 2.0425531914893634e-06
1.388, 2.0425531914893634e-06
1.39, 2.0425531914893634e-06
1.392, 2.0425531914893634e-06
1.394, 2.127659574468087e-06
1.396, 2.0425531914893634e-06
1.398, 2.0425531914893634e-06
1.4, 2.0425531914893634e-06
1.402, 2.0425531914893634e-06
1.404, 2.0425531914893634e-06
1.406, 2.0425531914893634e-06
1.408, 2.127659574468087e-06
1.41, 1.9574468085106402e-06
1.412, 2.127659574468087e-06
1.414, 2.127659574468087e-06
1.416, 2.0425531914893634e-06
1.418, 2.0425531914893634e-06
1.42, 2.127659574468087e-06
1.422, 2.0425531914893634e-06
1.424, 2.0425531914893634e-06
1.426, 2.0425531914893634e-06
1.428, 2.0425531914893634e-06
1.43, 2.0425531914893634e-06
1.432, 2.0425531914893634e-06
1.434, 2.0425531914893634e-06
1.436, 2.127659574468087e-06
1.438, 2.0425531914893634e-06
1.44, 2.0425531914893634e-06
1.442, 2.0425531914893634e-06
1.444, 2.0425531914893634e-06
1.446, 1.9574468085106402e-06
1.448, 2.0425531914893634e-06
1.45, 2.0425531914893634e-06
1.452, 2.127659574468087e-06
1.454, 2.127659574468087e-06
1.456, 2.127659574468087e-06
1.458, 2.0425531914893634e-06
1.46, 2.0425531914893634e-06
1.462, 2.0425531914893634e-06
1.464, 2.0425531914893634e-06
1.466, 2.0425531914893634e-06
1.468, 5.787234042553187e-06
1.47, 6.297872340425528e-06
1.472, 6.127659574468081e-06
1.474, 5.8723404255319105e-06
1.476, 5.446808510638293e-06
1.478, 5.106382978723409e-06
1.48, 4.851063829787238e-06
1.482, 4.5957446808510676e-06
1.484, 4.340425531914898e-06
1.486, 4.17021276595745e-06
1.488, 4.000000000000003e-06
1.49, 3.829787234042557e-06
1.492, 3.7446808510638333e-06
1.494, 3.6595744680851097e-06
1.496, 3.574468085106386e-06
1.498, 3.4893617021276625e-06
1.5, 3.574468085106386e-06
1.502, 3.4893617021276625e-06
1.504, 3.3191489361702157e-06
1.506, 3.3191489361702157e-06
1.508, 3.234042553191492e-06
1.51, 3.234042553191492e-06
1.512, 3.234042553191492e-06
1.514, 3.148936170212769e-06
1.516, 3.148936170212769e-06
1.518, 3.148936170212769e-06
1.52, 3.148936170212769e-06
1.522, 3.0638297872340453e-06
1.524, 2.9787234042553217e-06
1.526, 3.0638297872340453e-06
1.528, 2.9787234042553217e-06
1.53, 2.9787234042553217e-06
1.532, 2.9787234042553217e-06
1.534, 2.9787234042553217e-06
1.536, 2.9787234042553217e-06
1.538, 2.893617021276598e-06
1.54, 2.893617021276598e-06
1.542, 2.808510638297875e-06
1.544, 2.808510638297875e-06
1.546, 2.808510638297875e-06
1.548, 2.7234042553191513e-06
1.55, 2.808510638297875e-06
1.552, 2.808510638297875e-06
1.554, 2.808510638297875e-06
1.556, 2.7234042553191513e-06
1.558, 2.7234042553191513e-06
1.56, 2.808510638297875e-06
1.562, 2.7234042553191513e-06
1.564, 2.7234042553191513e-06
1.566, 2.7234042553191513e-06
1.568, -1.3617021276595757e-06
1.57, -1.9574468085106402e-06
1.572, -1.787234042553193e-06
1.574, -1.446808510638299e-06
1.576, -1.0212765957446817e-06
1.578, -5.957446808510643e-07
1.58, -2.553191489361704e-07
1.582, 0.0
1.584, 2.553191489361704e-07
1.586, 4.255319148936174e-07
1.588, 5.106382978723409e-07
1.59, 7.659574468085113e-07
1.592, 8.510638297872348e-07
1.594, 9.361702127659583e-07
1.596, 9.361702127659583e-07
1.598, 1.1063829787234053e-06
1.6, 1.1063829787234053e-06
1.602, 1.1914893617021287e-06
1.604, 1.2765957446808523e-06
1.606, 1.2765957446808523e-06
1.608, 1.3617021276595757e-06
1.61, 1.3617021276595757e-06
1.612, 1.3617021276595757e-06
1.614, 1.446808510638299e-06
1.616, 1.446808510638299e-06
1.618, 1.5319148936170227e-06
1.62, 1.5319148936170227e-06
1.622, 1.5319148936170227e-06
1.624, 1.5319148936170227e-06
1.626, 1.617021276595746e-06
1.628, 1.617021276595746e-06
1.63, 1.617021276595746e-06
1.632, 1.7021276595744696e-06
1.634, 1.617021276595746e-06
1.636, 1.7021276595744696e-06
1.638, 1.7021276595744696e-06
1.64, 1.7021276595744696e-06
1.642, 1.7021276595744696e-06
1.644, 1.7021276595744696e-06
1.646, 1.7021276595744696e-06
1.648, 1.787234042553193e-06
1.65, 1.7021276595744696e-06
1.652, 1.7021276595744696e-06
1.654, 1.787234042553193e-06
1.656, 1.7021276595744696e-06
1.658, 1.787234042553193e-06
1.66, 1.787234042553193e-06
1.662, 1.787234042553193e-06
1.664, 1.787234042553193e-06
1.666, 1.787234042553193e-06
1.668, 1.7021276595744696e-06
1.67, 1.787234042553193e-06
1.672, 1.8723404255319166e-06
1.674, 1.7021276595744696e-06
1.676, 1.787234042553193e-06
1.678, 1.8723404255319166e-06
1.68, 1.8723404255319166e-06
1.682, 1.8723404255319166e-06
1.684, 1.9574468085106402e-06
1.686, 1.9574468085106402e-06
1.688, 1.8723404255319166e-06
1.69, 1.8723404255319166e-06
1.692, 1.8723404255319166e-06
1.694, 1.8723404255319166e-06
1.696, 1.8723404255319166e-06
1.698, 1.8723404255319166e-06
1.7, 1.9574468085106402e-06
1.702, 1.9574468085106402e-06
1.704, 1.9574468085106402e-06
1.706, 1.8723404255319166e-06
1.708, 1.8723404255319166e-06
1.71, 1.8723404255319166e-06
1.712, 1.9574468085106402e-06
1.714, 1.8723404255319166e-06
1.716, 1.9574468085106402e-06
1.718, 1.8723404255319166e-06
1.72, 1.8723404255319166e-06
1.722, 1.9574468085106402e-06
1.724, 1.9574468085106402e-06
1.726, 1.9574468085106402e-06
1.728, 1.9574468085106402e-06
1.73, 1.8723404255319166e-06
1.732, 1.9574468085106402e-06
1.734, 2.0425531914893634e-06
1.736, 1.9574468085106402e-06
1.738, 1.9574468085106402e-06
1.74, 1.8723404255319166e-06
1.742, 1.9574468085106402e-06
1.744, 1.9574468085106402e-06
1.746, 1.8723404255319166e-06
1.748, 1.9574468085106402e-06
1.75, 1.9574468085106402e-06
1.752, 1.9574468085106402e-06
1.754, 2.0425531914893634e-06
1.756, 1.9574468085106402e-06
1.758, 1.9574468085106402e-06
1.76, 1.8723404255319166e-06
1.762, 1.9574468085106402e-06
1.764, 1.9574468085106402e-06
1.766, 1.8723404255319166e-06
1.768, 1.9574468085106402e-06
1.77, 1.9574468085106402e-06
1.772, 1.9574468085106402e-06
1.774, 2.0425531914893634e-06
1.776, 2.0425531914893634e-06
1.778, 1.9574468085106402e-06
1.78, 1.9574468085106402e-06
1.782, 1.9574468085106402e-06
1.784, 1.9574468085106402e-06
1.786, 1.9574468085106402e-06
1.788, 1.9574468085106402e-06
1.79, 2.0425531914893634e-06
1.792, 1.9574468085106402e-06
1.794, 1.9574468085106402e-06
1.796, 1.9574468085106402e-06
1.798, 1.9574468085106402e-06
1.8, 1.9574468085106402e-06
1.802, 1.9574468085106402e-06
1.804, 2.0425531914893634e-06
1.806, 1.9574468085106402e-06
1.808, 1.9574468085106402e-06
1.81, 2.0425531914893634e-06
1.812, 1.9574468085106402e-06
1.814, 1.9574468085106402e-06
1.816, 2.0425531914893634e-06
1.818, 1.9574468085106402e-06
1.82, 1.9574468085106402e-06
1.822, 2.0425531914893634e-06
1.824, 2.0425531914893634e-06
1.826, 1.9574468085106402e-06
1.828, 1.9574468085106402e-06
1.83, 2.0425531914893634e-06
1.832, 1.9574468085106402e-06
1.834, 2.0425531914893634e-06
1.836, 2.0425531914893634e-06
1.838, 2.127659574468087e-06
1.84, 2.0425531914893634e-06
1.842, 1.9574468085106402e-06
1.844, 1.9574468085106402e-06
1.846, 1.9574468085106402e-06
1.848, 2.0425531914893634e-06
1.85, 2.0425531914893634e-06
1.852, 2.0425531914893634e-06
1.854, 1.9574468085106402e-06
1.856, 2.0425531914893634e-06
1.858, 1.9574468085106402e-06
1.86, 1.9574468085106402e-06
1.862, 2.0425531914893634e-06
1.864, 1.9574468085106402e-06
1.866, 1.9574468085106402e-06
1.868, 2.0425531914893634e-06
1.87, 2.0425531914893634e-06
1.872, 2.0425531914893634e-06
1.874, 2.0425531914893634e-06
1.876, 2.0425531914893634e-06
1.878, 2.0425531914893634e-06
1.88, 1.9574468085106402e-06
1.882, 1.9574468085106402e-06
1.884, 1.9574468085106402e-06
1.886, 2.0425531914893634e-06
1.888, 2.0425531914893634e-06
1.89, 2.0425531914893634e-06
1.892, 2.0425531914893634e-06
1.894, 1.9574468085106402e-06
1.896, 2.0425531914893634e-06
1.898, 1.9574468085106402e-06
1.9, 2.0425531914893634e-06
1.902, 2.0425531914893634e-06
1.904, 1.9574468085106402e-06
1.906, 1.9574468085106402e-06
1.908, 1.9574468085106402e-06
1.91, 1.9574468085106402e-06
1.912, 1.9574468085106402e-06
1.914, 2.0425531914893634e-06
1.916, 2.0425531914893634e-06
1.918, 1.9574468085106402e-06
1.92, 2.0425531914893634e-06
1.922, 2.0425531914893634e-06
1.924, 2.0425531914893634e-06
1.926, 2.0425531914893634e-06
1.928, 2.0425531914893634e-06
1.93, 2.0425531914893634e-06
1.932, 2.0425531914893634e-06
1.934, 2.0425531914893634e-06
1.936, 2.0425531914893634e-06
1.938, 1.9574468085106402e-06
1.94, 2.0425531914893634e-06
1.942, 2.0425531914893634e-06
1.944, 1.9574468085106402e-06
1.946, 2.127659574468087e-06
1.948, 2.0425531914893634e-06
1.95, 1.9574468085106402e-06
1.952, 2.0425531914893634e-06
1.954, 2.0425531914893634e-06
1.956, 2.0425531914893634e-06
1.958, 1.9574468085106402e-06
1.96, 1.9574468085106402e-06
1.962, 2.0425531914893634e-06
1.964, 2.0425531914893634e-06
1.966, 2.0425531914893634e-06
1.968, 5.8723404255319105e-06
1.97, 6.212765957446805e-06
1.972, 6.127659574468081e-06
1.974, 5.787234042553187e-06
1.976, 5.36170212765957e-06
1.978, 5.0212765957446855e-06
1.98, 4.680851063829791e-06
1.982, 4.425531914893621e-06
1.984, 4.255319148936174e-06
1.986, 4.085106382978727e-06
1.988, 4.000000000000003e-06
1.99, 3.829787234042557e-06
1.992, 3.7446808510638333e-06
1.994, 3.6595744680851097e-06
1.996, 3.574468085106386e-06
1.998, 3.4893617021276625e-06
2.0, 3.4893617021276625e-06
2.002, 3.4042553191489393e-06
2.004, 3.3191489361702157e-06
2.006, 3.234042553191492e-06
2.008, 3.234042553191492e-06
2.01, 3.148936170212769e-06
2.012, 3.234042553191492e-06
2.014, 3.148936170212769e-06
2.016, 3.0638297872340453e-06
2.018, 2.9787234042553217e-06
2.02, 3.0638297872340453e-06
2.022, 3.0638297872340453e-06
2.024, 2.9787234042553217e-06
2.026, 3.0638297872340453e-06
2.028, 2.9787234042553217e-06
2.03, 2.893617021276598e-06
2.032, 2.893617021276598e-06
2.034, 2.9787234042553217e-06
2.036, 2.9787234042553217e-06
2.038, 2.893617021276598e-06
2.04, 2.893617021276598e-06
2.042, 2.808510638297875e-06
2.044, 2.808510638297875e-06
2.046, 2.808510638297875e-06
2.048, 2.893617021276598e-06
2.05, 2.808510638297875e-06
2.052, 2.808510638297875e-06
2.054, 2.808510638297875e-06
2.056, 2.7234042553191513e-06
2.058, 2.7234042553191513e-06
2.06, 2.7234042553191513e-06
2.062, 2.7234042553191513e-06
2.064, 2.6382978723404277e-06
2.066, 2.7234042553191513e-06
2.068, -1.617021276595746e-06
2.07, -1.9574468085106402e-06
2.072, -1.787234042553193e-06
2.074, -1.3617021276595757e-06
2.076, -1.0212765957446817e-06
2.078, -5.957446808510643e-07
2.08, -3.404255319148939e-07
2.082, -8.510638297872348e-08
2.084, 2.553191489361704e-07
2.086, 4.255319148936174e-07
2.088, 5.106382978723409e-07
2.09, 6.808510638297878e-07
2.092, 7.659574468085113e-07
2.094, 8.510638297872348e-07
2.096, 9.361702127659583e-07
2.098, 1.0212765957446817e-06
2.1, 1.1063829787234053e-06
2.102, 1.1063829787234053e-06
2.104, 1.2765957446808523e-06
2.106, 1.2765957446808523e-06
2.108, 1.2765957446808523e-06
2.11, 1.3617021276595757e-06
2.112, 1.3617021276595757e-06
2.114, 1.3617021276595757e-06
2.116, 1.446808510638299e-06
2.118, 1.5319148936170227e-06
2.12, 1.446808510638299e-06
2.122, 1.446808510638299e-06
2.124, 1.617021276595746e-06
2.126, 1.5319148936170227e-06
2.128, 1.617021276595746e-06
2.13, 1.617021276595746e-06
2.132, 1.617021276595746e-06
2.134, 1.617021276595746e-06
2.136, 1.617021276595746e-06
2.138, 1.7021276595744696e-06
2.14, 1.617021276595746e-06
2.142, 1.617021276595746e-06
2.144, 1.7021276595744696e-06
2.146, 1.7021276595744696e-06
2.148, 1.7021276595744696e-06
2.15, 1.7021276595744696e-06
2.152, 1.7021276595744696e-06
2.154, 1.7021276595744696e-06
2.156, 1.7021276595744696e-06
2.158, 1.787234042553193e-06
2.16, 1.7021276595744696e-06
2.162, 1.7021276595744696e-06
2.164, 1.787234042553193e-06
2.166, 1.787234042553193e-06
2.168, 1.787234042553193e-06
2.17, 1.787234042553193e-06
2.172, 1.787234042553193e-06
2.174, 1.787234042553193e-06
2.176, 1.8723404255319166e-06
2.178, 1.787234042553193e-06
2.18, 1.787234042553193e-06
2.182, 1.8723404255319166e-06
2.184, 1.8723404255319166e-06
2.186, 1.787234042553193e-06
2.188, 1.8723404255319166e-06
2.19, 1.8723404255319166e-06
2.192, 1.9574468085106402e-06
2.194, 1.787234042553193e-06
2.196, 1.8723404255319166e-06
2.198, 1.8723404255319166e-06
2.2, 1.9574468085106402e-06
2.202, 1.9574468085106402e-06
2.204, 1.9574468085106402e-06
2.206, 1.8723404255319166e-06
2.208, 1.8723404255319166e-06
2.21, 1.8723404255319166e-06
2.212, 1.787234042553193e-06
2.214, 1.9574468085106402e-06
2.216, 1.9574468085106402e-06
2.218, 1.8723404255319166e-06
2.22, 1.8723404255319166e-06
2.222, 1.8723404255319166e-06
2.224, 1.9574468085106402e-06
2.226, 1.8723404255319166e-06
2.228, 1.8723404255319166e-06
2.23, 1.9574468085106402e-06
2.232, 1.8723404255319166e-06
2.234, 1.9574468085106402e-06
2.236, 1.9574468085106402e-06
2.238, 1.8723404255319166e-06
2.24, 1.9574468085106402e-06
2.242, 1.9574468085106402e-06
2.244, 1.9574468085106402e-06
2.246, 1.8723404255319166e-06
2.248, 1.9574468085106402e-06
2.25, 1.8723404255319166e-06
2.252, 1.8723404255319166e-06
2.254, 1.9574468085106402e-06
2.256, 1.9574468085106402e-06
2.258, 1.9574468085106402e-06
2.26, 1.8723404255319166e-06
2.262, 1.8723404255319166e-06
2.264, 1.8723404255319166e-06
2.266, 1.9574468085106402e-06
2.268, 1.9574468085106402e-06
2.27, 1.9574468085106402e-06
2.272, 1.9574468085106402e-06
2.274, 1.9574468085106402e-06
2.276, 1.9574468085106402e-06
2.278, 1.9574468085106402e-06
2.28, 1.9574468085106402e-06
2.282, 1.9574468085106402e-06
2.284, 1.8723404255319166e-06
2.286, 1.9574468085106402e-06
2.288, 1.9574468085106402e-06
2.29, 1.9574468085106402e-06
2.292, 1.9574468085106402e-06
2.294, 1.9574468085106402e-06
2.296, 1.9574468085106402e-06
2.298, 1.8723404255319166e-06
2.3, 1.9574468085106402e-06
2.302, 1.9574468085106402e-06
2.304, 1.9574468085106402e-06
2.306, 1.9574468085106402e-06
2.308, 1.9574468085106402e-06
2.31, 1.9574468085106402e-06
2.312, 1.9574468085106402e-06
2.314, 1.9574468085106402e-06
2.316, 1.9574468085106402e-06
2.318, 1.9574468085106402e-06
2.32, 1.9574468085106402e-06
2.322, 1.9574468085106402e-06
2.324, 2.0425531914893634e-06
2.326, 1.9574468085106402e-06
2.328, 1.9574468085106402e-06
2.33, 1.9574468085106402e-06
2.332, 1.8723404255319166e-06
2.334, 1.9574468085106402e-06
2.336, 1.8723404255319166e-06
2.338, 1.9574468085106402e-06
2.34, 2.0425531914893634e-06
2.342, 1.9574468085106402e-06
2.344, 1.9574468085106402e-06
2.346, 1.9574468085106402e-06
2.348, 1.9574468085106402e-06
2.35, 1.9574468085106402e-06
2.352, 1.9574468085106402e-06
2.354, 2.0425531914893634e-06
2.356, 1.9574468085106402e-06
2.358, 1.9574468085106402e-06
2.36, 1.9574468085106402e-06
2.362, 1.9574468085106402e-06
2.364, 1.9574468085106402e-06
2.366, 1.9574468085106402e-06
2.368, 1.9574468085106402e-06
2.37, 1.9574468085106402e-06
2.372, 2.0425531914893634e-06
2.374, 1.9574468085106402e-06
2.376, 1.9574468085106402e-06
2.378, 1.8723404255319166e-06
2.38, 2.0425531914893634e-06
2.382, 1.9574468085106402e-06
2.384, 1.9574468085106402e-06
2.386, 1.9574468085106402e-06
2.388, 1.9574468085106402e-06
2.39, 1.9574468085106402e-06
2.392, 1.9574468085106402e-06
2.394, 1.9574468085106402e-06
2.396, 1.9574468085106402e-06
2.398, 1.9574468085106402e-06
2.4, 1.9574468085106402e-06
2.402, 2.0425531914893634e-06
2.404, 1.9574468085106402e-06
2.406, 2.0425531914893634e-06
2.408, 1.9574468085106402e-06
2.41, 1.9574468085106402e-06
2.412, 1.9574468085106402e-06
2.414, 1.9574468085106402e-06
2.416, 1.9574468085106402e-06
2.418, 2.0425531914893634e-06
2.42, 1.9574468085106402e-06
2.422, 1.9574468085106402e-06
2.424, 1.9574468085106402e-06
2.426, 1.9574468085106402e-06
2.428, 1.9574468085106402e-06
2.43, 1.9574468085106402e-06
2.432, 2.0425531914893634e-06
2.434, 1.9574468085106402e-06
2.436, 1.9574468085106402e-06
2.438, 1.9574468085106402e-06
2.44, 2.0425531914893634e-06
2.442, 1.9574468085106402e-06
2.444, 1.9574468085106402e-06
2.446, 2.0425531914893634e-06
2.448, 1.9574468085106402e-06
2.45, 2.0425531914893634e-06
2.452, 1.9574468085106402e-06
2.454, 1.9574468085106402e-06
2.456, 1.9574468085106402e-06
2.458, 2.0425531914893634e-06
2.46, 1.9574468085106402e-06
2.462, 1.9574468085106402e-06
2.464, 2.0425531914893634e-06
2.466, 2.808510638297875e-06
2.468, 5.957446808510634e-06
2.47, 6.212765957446805e-06
2.472, 5.957446808510634e-06
2.474, 5.6170212765957406e-06
2.476, 5.2765957446808555e-06
2.478, 4.936170212765962e-06
2.48, 4.680851063829791e-06
2.482, 4.425531914893621e-06
2.484, 4.255319148936174e-06
2.486, 4.000000000000003e-06
2.488, 3.9148936170212805e-06
2.49, 3.829787234042557e-06
2.492, 3.6595744680851097e-06
2.494, 3.574468085106386e-06
2.496, 3.4893617021276625e-06
2.498, 3.4893617021276625e-06
2.5, 3.4042553191489393e-06
2.502, 3.3191489361702157e-06
2.504, 3.3191489361702157e-06
2.506, 3.234042553191492e-06
2.508, 3.234042553191492e-06
2.51, 3.234042553191492e-06
2.512, 3.148936170212769e-06
2.514, 3.0638297872340453e-06
2.516, 3.0638297872340453e-06
2.518, 3.0638297872340453e-06
2.52, 2.9787234042553217e-06
2.522, 2.9787234042553217e-06
2.524, 2.9787234042553217e-06
2.526, 2.893617021276598e-06
2.528, 2.893617021276598e-06
2.53, 2.893617021276598e-06
2.532, 2.893617021276598e-06
2.534, 2.893617021276598e-06
2.536, 2.893617021276598e-06
2.538, 2.893617021276598e-06
2.54, 2.808510638297875e-06
2.542, 2.7234042553191513e-06
2.544, 2.808510638297875e-06
2.546, 2.7234042553191513e-06
2.548, 2.808510638297875e-06
2.55, 2.808510638297875e-06
2.552, 2.6382978723404277e-06
2.554, 2.7234042553191513e-06
2.556, 2.7234042553191513e-06
2.558, 2.7234042553191513e-06
2.56, 2.6382978723404277e-06
2.562, 2.6382978723404277e-06
2.564, 2.7234042553191513e-06
2.566, 1.5319148936170227e-06
2.568, -1.7021276595744696e-06
2.57, -2.0425531914893634e-06
2.572, -1.787234042553193e-06
2.574, -1.3617021276595757e-06
2.576, -9.361702127659583e-07
2.578, -5.957446808510643e-07
2.58, -3.404255319148939e-07
2.582, 0.0
2.584, 2.553191489361704e-07
2.586, 3.404255319148939e-07
2.588, 5.106382978723409e-07
2.59, 6.808510638297878e-07
2.592, 6.808510638297878e-07
2.594, 7.659574468085113e-07
2.596, 9.361702127659583e-07
2.598, 1.0212765957446817e-06
2.6, 1.0212765957446817e-06
2.602, 1.1914893617021287e-06
2.604, 1.1914893617021287e-06
2.606, 1.1914893617021287e-06
2.608, 1.2765957446808523e-06
2.61, 1.2765957446808523e-06
2.612, 1.3617021276595757e-06
2.614, 1.3617021276595757e-06
2.616, 1.446808510638299e-06
2.618, 1.446808510638299e-06
2.62, 1.446808510638299e-06
2.622, 1.446808510638299e-06
2.624, 1.446808510638299e-06
2.626, 1.446808510638299e-06
2.628, 1.5319148936170227e-06
2.63, 1.5319148936170227e-06
2.632, 1.5319148936170227e-06
2.634, 1.5319148936170227e-06
2.636, 1.617021276595746e-06
2.638, 1.617021276595746e-06
2.64, 1.617021276595746e-06
2.642, 1.7021276595744696e-06
2.644, 1.617021276595746e-06
2.646, 1.617021276595746e-06
2.648, 1.7021276595744696e-06
2.65, 1.7021276595744696e-06
2.652, 1.7021276595744696e-06
2.654, 1.7021276595744696e-06
2.656, 1.617021276595746e-06
2.658, 1.7021276595744696e-06
2.66, 1.7021276595744696e-06
2.662, 1.7021276595744696e-06
2.664, 1.7021276595744696e-06
2.666, 1.7021276595744696e-06
2.668, 1.787234042553193e-06
2.67, 1.7021276595744696e-06
2.672, 1.7021276595744696e-06
2.674, 1.787234042553193e-06
2.676, 1.787234042553193e-06
2.678, 1.7021276595744696e-06
2.68, 1.787234042553193e-06
2.682, 1.787234042553193e-06
2.684, 1.787234042553193e-06
2.686, 1.787234042553193e-06
2.688, 1.8723404255319166e-06
2.69, 1.787234042553193e-06
2.692, 1.787234042553193e-06
2.694, 1.787234042553193e-06
2.696, 1.8723404255319166e-06
2.698, 1.787234042553193e-06
2.7, 1.787234042553193e-06
2.702, 1.8723404255319166e-06
2.704, 1.8723404255319166e-06
2.706, 1.8723404255319166e-06
2.708, 1.8723404255319166e-06
2.71, 1.787234042553193e-06
2.712, 1.787234042553193e-06
2.714, 1.787234042553193e-06
2.716, 1.8723404255319166e-06
2.718, 1.8723404255319166e-06
2.72, 1.8723404255319166e-06
2.722, 1.8723404255319166e-06
2.724, 1.8723404255319166e-06
2.726, 1.8723404255319166e-06
2.728, 1.8723404255319166e-06
2.73, 1.8723404255319166e-06
2.732, 1.8723404255319166e-06
2.734, 1.8723404255319166e-06
2.736, 1.8723404255319166e-06
2.738, 1.8723404255319166e-06
2.74, 1.8723404255319166e-06
2.742, 1.8723404255319166e-06
2.744, 1.8723404255319166e-06
2.746, 1.8723404255319166e-06
2.748, 1.8723404255319166e-06
2.75, 1.8723404255319166e-06
2.752, 1.8723404255319166e-06
2.754, 1.8723404255319166e-06
2.756, 1.9574468085106402e-06
2.758, 1.8723404255319166e-06
2.76, 1.8723404255319166e-06
2.762, 1.9574468085106402e-06
2.764, 1.8723404255319166e-06
2.766, 1.8723404255319166e-06
2.768, 1.9574468085106402e-06
2.77, 1.9574468085106402e-06
2.772, 1.9574468085106402e-06
2.774, 1.8723404255319166e-06
2.776, 1.8723404255319166e-06
2.778, 1.8723404255319166e-06
2.78, 1.8723404255319166e-06
2.782, 1.9574468085106402e-06
2.784, 1.9574468085106402e-06
2.786, 1.7021276595744696e-06
2.788, 1.9574468085106402e-06
2.79, 1.8723404255319166e-06
2.792, 1.8723404255319166e-06
2.794, 1.9574468085106402e-06
2.796, 1.8723404255319166e-06
2.798, 1.9574468085106402e-06
2.8, 1.9574468085106402e-06
2.802, 1.9574468085106402e-06
2.804, 2.2127659574468106e-06
2.806, 1.9574468085106402e-06
2.808, 1.9574468085106402e-06
2.81, 1.8723404255319166e-06
2.812, 1.8723404255319166e-06
2.814, 1.8723404255319166e-06
2.816, 1.9574468085106402e-06
2.818, 1.9574468085106402e-06
2.82, 1.9574468085106402e-06
2.822, 1.9574468085106402e-06
2.824, 1.9574468085106402e-06
2.826, 1.9574468085106402e-06
2.828, 1.9574468085106402e-06
2.83, 1.9574468085106402e-06
2.832, 1.8723404255319166e-06
2.834, 1.9574468085106402e-06
2.836, 1.9574468085106402e-06
2.838, 1.9574468085106402e-06
2.84, 1.8723404255319166e-06
2.842, 1.9574468085106402e-06
2.844, 1.9574468085106402e-06
2.846, 1.9574468085106402e-06
2.848, 1.9574468085106402e-06
2.85, 1.9574468085106402e-06
2.852, 1.9574468085106402e-06
2.854, 1.9574468085106402e-06
2.856, 1.9574468085106402e-06
2.858, 1.9574468085106402e-06
2.86, 1.9574468085106402e-06
2.862, 1.8723404255319166e-06
2.864, 1.9574468085106402e-06
2.866, 1.9574468085106402e-06
2.868, 1.9574468085106402e-06
2.87, 1.9574468085106402e-06
2.872, 1.9574468085106402e-06
2.874, 1.9574468085106402e-06
2.876, 1.9574468085106402e-06
2.878, 1.9574468085106402e-06
2.88, 1.9574468085106402e-06
2.882, 1.9574468085106402e-06
2.884, 1.8723404255319166e-06
2.886, 1.9574468085106402e-06
2.888, 1.9574468085106402e-06
2.89, 1.9574468085106402e-06
2.892, 1.9574468085106402e-06
2.894, 2.0425531914893634e-06
2.896, 1.9574468085106402e-06
2.898, 1.9574468085106402e-06
2.9, 2.0425531914893634e-06
2.902, 1.9574468085106402e-06
2.904, 1.9574468085106402e-06
2.906, 1.9574468085106402e-06
2.908, 1.9574468085106402e-06
2.91, 1.9574468085106402e-06
2.912, 1.8723404255319166e-06
2.914, 2.0425531914893634e-06
2.916, 1.9574468085106402e-06
2.918, 1.9574468085106402e-06
2.92, 1.9574468085106402e-06
2.922, 1.9574468085106402e-06
2.924, 1.9574468085106402e-06
2.926, 1.9574468085106402e-06
2.928, 1.9574468085106402e-06
2.93, 1.9574468085106402e-06
2.932, 1.9574468085106402e-06
2.934, 1.9574468085106402e-06
2.936, 1.8723404255319166e-06
2.938, 1.9574468085106402e-06
2.94, 1.9574468085106402e-06
2.942, 1.9574468085106402e-06
2.944, 1.9574468085106402e-06
2.946, 1.9574468085106402e-06
2.948, 1.9574468085106402e-06
2.95, 1.8723404255319166e-06
2.952, 1.9574468085106402e-06
2.954, 2.0425531914893634e-06
2.956, 1.9574468085106402e-06
2.958, 1.9574468085106402e-06
2.96, 2.0425531914893634e-06
2.962, 1.9574468085106402e-06
2.964, 1.9574468085106402e-06
2.966, 3.6595744680851097e-06
2.968, 6.042553191489358e-06
2.97, 6.212765957446805e-06
2.972, 5.787234042553187e-06
2.974, 5.6170212765957406e-06
2.976, 5.191489361702132e-06
2.978, 4.851063829787238e-06
2.98, 4.5957446808510676e-06
2.982, 4.340425531914898e-06
2.984, 4.17021276595745e-06
2.986, 4.000000000000003e-06
2.988, 3.829787234042557e-06
2.99, 3.7446808510638333e-06
2.992, 3.6595744680851097e-06
2.994, 3.574468085106386e-06
2.996, 3.4042553191489393e-06
2.998, 3.4042553191489393e-06
3.0, 3.4042553191489393e-06
3.002, 3.234042553191492e-06
3.004, 3.234042553191492e-06
3.006, 3.234042553191492e-06
3.008, 3.148936170212769e-06
3.01, 3.0638297872340453e-06
3.012, 2.9787234042553217e-06
3.014, 3.0638297872340453e-06
3.016, 2.9787234042553217e-06
3.018, 3.0638297872340453e-06
3.02, 3.0638297872340453e-06
3.022, 2.9787234042553217e-06
3.024, 2.9787234042553217e-06
3.026, 2.893617021276598e-06
3.028, 2.893617021276598e-06
3.03, 2.893617021276598e-06
3.032, 2.808510638297875e-06
3.034, 2.808510638297875e-06
3.036, 2.808510638297875e-06
3.038, 2.808510638297875e-06
3.04, 2.7234042553191513e-06
3.042, 2.7234042553191513e-06
3.044, 2.7234042553191513e-06
3.046, 2.7234042553191513e-06
3.048, 2.7234042553191513e-06
3.05, 2.7234042553191513e-06
3.052, 2.7234042553191513e-06
3.054, 2.7234042553191513e-06
3.056, 2.6382978723404277e-06
3.058, 2.6382978723404277e-06
3.06, 2.6382978723404277e-06
3.062, 2.6382978723404277e-06
3.064, 2.6382978723404277e-06
3.066, 7.659574468085113e-07
3.068, -1.787234042553193e-06
3.07, -2.0425531914893634e-06
3.072, -1.787234042553193e-06
3.074, -1.3617021276595757e-06
3.076, -1.0212765957446817e-06
3.078, -5.957446808510643e-07
3.08, -4.255319148936174e-07
3.082, -8.510638297872348e-08
3.084, 2.553191489361704e-07
3.086, 3.404255319148939e-07
3.088, 5.106382978723409e-07
3.09, 6.808510638297878e-07
3.092, 7.659574468085113e-07
3.094, 8.510638297872348e-07
3.096, 9.361702127659583e-07
3.098, 1.0212765957446817e-06
3.1, 1.1063829787234053e-06
3.102, 1.1914893617021287e-06
3.104, 1.1914893617021287e-06
3.106, 1.1914893617021287e-06
3.108, 1.1914893617021287e-06
3.11, 1.2765957446808523e-06
3.112, 1.3617021276595757e-06
3.114, 1.3617021276595757e-06
3.116, 1.3617021276595757e-06
3.118, 1.446808510638299e-06
3.12, 1.3617021276595757e-06
3.122, 1.446808510638299e-06
3.124, 1.446808510638299e-06
3.126, 1.446808510638299e-06
3.128, 1.5319148936170227e-06
3.13, 1.617021276595746e-06
3.132, 1.5319148936170227e-06
3.134, 1.5319148936170227e-06
3.136, 1.617021276595746e-06
3.138, 1.617021276595746e-06
3.14, 1.617021276595746e-06
3.142, 1.617021276595746e-06
3.144, 1.617021276595746e-06
3.146, 1.617021276595746e-06
3.148, 1.617021276595746e-06
3.15, 1.7021276595744696e-06
3.152, 1.7021276595744696e-06
3.154, 1.7021276595744696e-06
3.156, 1.7021276595744696e-06
3.158, 1.7021276595744696e-06
3.16, 1.7021276595744696e-06
3.162, 1.617021276595746e-06
3.164, 1.7021276595744696e-06
3.166, 1.7021276595744696e-06
3.168, 1.787234042553193e-06
3.17, 1.787234042553193e-06
3.172, 1.7021276595744696e-06
3.174, 1.7021276595744696e-06
3.176, 1.787234042553193e-06
3.178, 1.787234042553193e-06
3.18, 1.7021276595744696e-06
3.182, 1.7021276595744696e-06
3.184, 1.787234042553193e-06
3.186, 1.787234042553193e-06
3.188, 1.787234042553193e-06
3.19, 1.787234042553193e-06
3.192, 1.787234042553193e-06
3.194, 1.787234042553193e-06
3.196, 1.787234042553193e-06
3.198, 1.787234042553193e-06
3.2, 1.787234042553193e-06
3.202, 1.8723404255319166e-06
3.204, 1.787234042553193e-06
3.206, 1.787234042553193e-06
3.208, 1.7021276595744696e-06
3.21, 1.7021276595744696e-06
3.212, 1.787234042553193e-06
3.214, 1.787234042553193e-06
3.216, 1.8723404255319166e-06
3.218, 1.8723404255319166e-06
3.22, 1.8723404255319166e-06
3.222, 1.8723404255319166e-06
3.224, 1.787234042553193e-06
3.226, 1.8723404255319166e-06
3.228, 1.787234042553193e-06
3.23, 1.8723404255319166e-06