0.0, 3.702127659574467e-06
0.0020000000000000018, 3.702127659574467e-06
0.0040000000000000036, 3.617021276595743e-06
0.006000000000000005, 3.617021276595743e-06
0.008000000000000007, 3.574468085106386e-06
0.009999999999999953, 3.574468085106386e-06
0.011999999999999955, 3.574468085106386e-06
0.013999999999999957, 3.4893617021276625e-06
0.01599999999999996, 3.5319148936170196e-06
0.01799999999999996, 3.4893617021276625e-06
0.019999999999999962, 3.4893617021276625e-06
0.021999999999999964, 3.446808510638296e-06
0.023999999999999966, 3.4042553191489393e-06
0.025999999999999968, 3.446808510638296e-06
0.02799999999999997, 3.446808510638296e-06
0.02999999999999997, 3.4042553191489393e-06
0.03199999999999997, 3.446808510638296e-06
0.033999999999999975, 3.446808510638296e-06
0.035999999999999976, 3.4042553191489393e-06
0.03799999999999998, 3.4042553191489393e-06
0.03999999999999998, 3.4042553191489393e-06
0.04199999999999998, 3.361702127659573e-06
0.043999999999999984, 3.4042553191489393e-06
0.045999999999999985, 3.3191489361702157e-06
0.04799999999999999, 3.4042553191489393e-06
0.04999999999999999, 3.4042553191489393e-06
0.05199999999999999, 3.361702127659573e-06
0.05399999999999999, 3.361702127659573e-06
0.055999999999999994, 3.361702127659573e-06
0.057999999999999996, -2.7234042553191467e-06
0.06, -3.1914893617021256e-06
0.062, -2.2978723404255338e-06
0.064, -1.4042553191489375e-06
0.066, -6.382978723404261e-07
0.068, 4.2553191489357015e-08
0.07, 4.680851063829744e-07
0.07200000000000001, 8.510638297872348e-07
0.07399999999999995, 1.1914893617021287e-06
0.07599999999999996, 1.4042553191489326e-06
0.07799999999999996, 1.5744680851063796e-06
0.07999999999999996, 1.7021276595744696e-06
0.08199999999999996, 1.8297872340425502e-06
0.08399999999999996, 1.9148936170212738e-06
0.08599999999999997, 1.999999999999997e-06
0.08799999999999997, 2.127659574468087e-06
0.08999999999999997, 2.170212765957444e-06
0.09199999999999997, 2.2127659574468106e-06
0.09399999999999997, 2.2553191489361673e-06
0.09599999999999997, 2.340425531914891e-06
0.09799999999999998, 2.2978723404255338e-06
0.09999999999999998, 2.2978723404255338e-06
0.10199999999999998, 2.340425531914891e-06
0.10399999999999998, 2.3829787234042574e-06
0.10599999999999998, 2.3829787234042574e-06
0.10799999999999998, 2.4255319148936145e-06
0.10999999999999999, 2.4255319148936145e-06
0.11199999999999999, 2.4255319148936145e-06
0.11399999999999999, 2.4255319148936145e-06
0.11599999999999999, 2.4255319148936145e-06
0.118, 2.468085106382981e-06
0.12, 2.5957446808510613e-06
0.122, 2.510638297872338e-06
0.124, 2.468085106382981e-06
0.126, 2.510638297872338e-06
0.128, 2.5531914893617046e-06
0.13, 2.510638297872338e-06
0.132, 2.5531914893617046e-06
0.134, 2.6382978723404277e-06
0.13599999999999995, 2.5957446808510613e-06
0.13799999999999996, 2.5957446808510613e-06
0.13999999999999996, 2.6382978723404277e-06
0.14199999999999996, 2.6382978723404277e-06
0.14399999999999996, 2.5957446808510613e-06
0.14599999999999996, 2.6382978723404277e-06
0.14799999999999996, 2.5957446808510613e-06
0.14999999999999997, 2.6382978723404277e-06
0.15199999999999997, 2.5957446808510613e-06
0.15399999999999997, 2.5957446808510613e-06
0.15599999999999997, 2.5957446808510613e-06
0.15799999999999997, 2.6382978723404277e-06
0.15999999999999998, 2.5957446808510613e-06
0.16199999999999998, 2.5957446808510613e-06
0.16399999999999998, 2.6382978723404277e-06
0.16599999999999998, 2.6382978723404277e-06
0.16799999999999998, 2.680851063829785e-06
0.16999999999999998, 2.680851063829785e-06
0.172, 2.6382978723404277e-06
0.174, 2.680851063829785e-06
0.176, 2.680851063829785e-06
0.178, 2.680851063829785e-06
0.18, 2.680851063829785e-06
0.182, 2.680851063829785e-06
0.184, 2.680851063829785e-06
0.186, 2.7234042553191513e-06
0.188, 2.680851063829785e-06
0.19, 2.7234042553191513e-06
0.192, 2.7659574468085085e-06
0.194, 2.680851063829785e-06
0.196, 2.7234042553191513e-06
0.198, 2.680851063829785e-06
0.2, 2.680851063829785e-06
0.202, 2.680851063829785e-06
0.20400000000000001, 2.680851063829785e-06
0.20600000000000002, 2.680851063829785e-06
0.20800000000000002, 2.7234042553191513e-06
0.21000000000000002, 2.7234042553191513e-06
0.21200000000000002, 2.7234042553191513e-06
0.21400000000000002, 2.7659574468085085e-06
0.21600000000000003, 2.7234042553191513e-06
0.21800000000000003, 2.7234042553191513e-06
0.22000000000000003, 2.7234042553191513e-06
0.22200000000000003, 2.7234042553191513e-06
0.22400000000000003, 2.7234042553191513e-06
0.22600000000000003, 2.7659574468085085e-06
0.22800000000000004, 2.7234042553191513e-06
0.22999999999999993, 2.7234042553191513e-06
0.23199999999999993, 2.7234042553191513e-06
0.23399999999999993, 2.7659574468085085e-06
0.23599999999999993, 2.7659574468085085e-06
0.23799999999999993, 2.7659574468085085e-06
0.23999999999999994, 2.808510638297875e-06
0.24199999999999994, 2.7659574468085085e-06
0.24399999999999994, 2.7234042553191513e-06
0.24599999999999994, 2.680851063829785e-06
0.24799999999999994, 2.7659574468085085e-06
0.24999999999999994, 2.7234042553191513e-06
0.25199999999999995, 2.7234042553191513e-06
0.25399999999999995, 2.7659574468085085e-06
0.25599999999999995, 2.7659574468085085e-06
0.25799999999999995, 2.7234042553191513e-06
0.25999999999999995, 2.7234042553191513e-06
0.26199999999999996, 2.7234042553191513e-06
0.26399999999999996, 2.7234042553191513e-06
0.26599999999999996, 2.7659574468085085e-06
0.26799999999999996, 2.7659574468085085e-06
0.26999999999999996, 2.7234042553191513e-06
0.27199999999999996, 2.7659574468085085e-06
0.27399999999999997, 2.808510638297875e-06
0.27599999999999997, 2.7234042553191513e-06
0.27799999999999997, 2.7659574468085085e-06
0.27999999999999997, 2.7659574468085085e-06
0.282, 2.7659574468085085e-06
0.284, 2.7659574468085085e-06
0.286, 2.808510638297875e-06
0.288, 2.808510638297875e-06
0.29, 2.7659574468085085e-06
0.292, 2.808510638297875e-06
0.294, 2.7659574468085085e-06
0.296, 2.7659574468085085e-06
0.298, 2.7659574468085085e-06
0.3, 2.7659574468085085e-06
0.302, 2.7659574468085085e-06
0.304, 2.7659574468085085e-06
0.306, 2.7659574468085085e-06
0.308, 2.7234042553191513e-06
0.31, 2.7659574468085085e-06
0.312, 2.7234042553191513e-06
0.314, 2.7659574468085085e-06
0.316, 2.7659574468085085e-06
0.318, 2.7659574468085085e-06
0.32, 2.7659574468085085e-06
0.322, 2.7659574468085085e-06
0.324, 2.808510638297875e-06
0.326, 2.7659574468085085e-06
0.328, 2.7659574468085085e-06
0.33, 2.7659574468085085e-06
0.332, 2.8510638297872317e-06
0.334, 2.808510638297875e-06
0.336, 2.8510638297872317e-06
0.338, 2.808510638297875e-06
0.34, 2.808510638297875e-06
0.342, 2.7659574468085085e-06
0.34400000000000003, 2.7659574468085085e-06
0.34600000000000003, 2.7659574468085085e-06
0.34800000000000003, 2.7659574468085085e-06
0.35000000000000003, 2.7234042553191513e-06
0.35200000000000004, 2.7659574468085085e-06
0.3539999999999999, 2.7234042553191513e-06
0.3559999999999999, 2.7659574468085085e-06
0.35799999999999993, 2.7659574468085085e-06
0.35999999999999993, 2.7234042553191513e-06
0.36199999999999993, 2.7234042553191513e-06
0.36399999999999993, 2.7659574468085085e-06
0.36599999999999994, 2.7234042553191513e-06
0.36799999999999994, 2.808510638297875e-06
0.36999999999999994, 2.7659574468085085e-06
0.37199999999999994, 2.7659574468085085e-06
0.37399999999999994, 2.7659574468085085e-06
0.37599999999999995, 2.7659574468085085e-06
0.37799999999999995, 2.808510638297875e-06
0.37999999999999995, 2.7659574468085085e-06
0.38199999999999995, 2.7659574468085085e-06
0.38399999999999995, 2.7659574468085085e-06
0.38599999999999995, 2.808510638297875e-06
0.38799999999999996, 2.8510638297872317e-06
0.38999999999999996, 2.8510638297872317e-06
0.39199999999999996, 2.7659574468085085e-06
0.39399999999999996, 2.8510638297872317e-06
0.39599999999999996, 2.808510638297875e-06
0.39799999999999996, 2.7659574468085085e-06
0.39999999999999997, 2.7659574468085085e-06
0.40199999999999997, 2.7659574468085085e-06
0.40399999999999997, 2.7659574468085085e-06
0.40599999999999997, 2.7659574468085085e-06
0.408, 2.8510638297872317e-06
0.41, 2.7659574468085085e-06
0.412, 2.7659574468085085e-06
0.414, 2.7659574468085085e-06
0.416, 2.7659574468085085e-06
0.418, 2.7659574468085085e-06
0.42, 2.7659574468085085e-06
0.422, 2.808510638297875e-06
0.424, 2.7659574468085085e-06
0.426, 2.808510638297875e-06
0.428, 2.7659574468085085e-06
0.43, 2.808510638297875e-06
0.432, 2.808510638297875e-06
0.434, 2.808510638297875e-06
0.436, 2.8510638297872317e-06
0.438, 2.808510638297875e-06
0.44, 2.893617021276598e-06
0.442, 2.808510638297875e-06
0.444, 2.8510638297872317e-06
0.446, 2.808510638297875e-06
0.448, 2.7659574468085085e-06
0.45, 2.808510638297875e-06
0.452, 2.808510638297875e-06
0.454, 2.7659574468085085e-06
0.456, 2.680851063829785e-06
0.458, 5.404255319148937e-06
0.46, 5.404255319148937e-06
0.462, 5.404255319148937e-06
0.464, 5.404255319148937e-06
0.466, 5.404255319148937e-06
0.468, 5.404255319148937e-06
0.47000000000000003, 5.319148936170213e-06
0.47200000000000003, 4.978723404255319e-06
0.47400000000000003, 4.723404255319149e-06
0.47600000000000003, 4.468085106382978e-06
0.47800000000000004, 4.255319148936174e-06
0.4799999999999999, 4.255319148936174e-06
0.48199999999999993, 4.127659574468084e-06
0.48399999999999993, 3.957446808510637e-06
0.48599999999999993, 3.9148936170212805e-06
0.48799999999999993, 3.8723404255319136e-06
0.48999999999999994, 3.829787234042557e-06
0.49199999999999994, 3.829787234042557e-06
0.49399999999999994, 3.78723404255319e-06
0.49599999999999994, 3.702127659574467e-06
0.49799999999999994, 3.702127659574467e-06
0.49999999999999994, 3.617021276595743e-06
0.502, 3.617021276595743e-06
0.504, 3.574468085106386e-06
0.506, 3.574468085106386e-06
0.508, 3.5319148936170196e-06
0.51, 3.5319148936170196e-06
0.512, 3.4893617021276625e-06
0.514, 3.446808510638296e-06
0.516, 3.446808510638296e-06
0.518, 3.446808510638296e-06
0.52, 3.446808510638296e-06
0.522, 3.446808510638296e-06
0.524, 3.446808510638296e-06
0.526, 3.4042553191489393e-06
0.528, 3.446808510638296e-06
0.53, 3.361702127659573e-06
0.532, 3.4042553191489393e-06
0.534, 3.361702127659573e-06
0.536, 3.4042553191489393e-06
0.538, 3.4042553191489393e-06
0.54, 3.4042553191489393e-06
0.542, 3.4042553191489393e-06
0.544, 3.361702127659573e-06
0.546, 3.361702127659573e-06
0.548, 3.3191489361702157e-06
0.55, 3.3191489361702157e-06
0.552, 3.3191489361702157e-06
0.554, 3.3191489361702157e-06
0.556, 3.3191489361702157e-06
0.558, -2.978723404255317e-06
0.56, -3.1914893617021256e-06
0.562, -2.2553191489361724e-06
0.5640000000000001, -1.4042553191489375e-06
0.5660000000000001, -5.957446808510643e-07
0.5680000000000001, 8.510638297872348e-08
0.5700000000000001, 5.106382978723409e-07
0.5720000000000001, 9.361702127659583e-07
0.5740000000000001, 1.1914893617021287e-06
0.5760000000000001, 1.3617021276595757e-06
0.5780000000000001, 1.5319148936170227e-06
0.5800000000000001, 1.7446808510638266e-06
0.5820000000000001, 1.8297872340425502e-06
0.5840000000000001, 1.8723404255319166e-06
0.5860000000000001, 2.0425531914893634e-06
0.5880000000000001, 2.0851063829787205e-06
0.5900000000000001, 2.170212765957444e-06
0.5920000000000001, 2.170212765957444e-06
0.5940000000000001, 2.2127659574468106e-06
0.5960000000000001, 2.2553191489361673e-06
0.5980000000000001, 2.2978723404255338e-06
0.6000000000000001, 2.2978723404255338e-06
0.6020000000000001, 2.340425531914891e-06
0.6039999999999999, 2.340425531914891e-06
0.6059999999999999, 2.340425531914891e-06
0.6079999999999999, 2.4255319148936145e-06
0.6099999999999999, 2.4255319148936145e-06
0.6119999999999999, 2.4255319148936145e-06
0.6139999999999999, 2.4255319148936145e-06
0.6159999999999999, 2.4255319148936145e-06
0.6179999999999999, 2.468085106382981e-06
0.6199999999999999, 2.468085106382981e-06
0.6219999999999999, 2.468085106382981e-06
0.6239999999999999, 2.468085106382981e-06
0.6259999999999999, 2.510638297872338e-06
0.6279999999999999, 2.510638297872338e-06
0.6299999999999999, 2.5957446808510613e-06
0.6319999999999999, 2.5531914893617046e-06
0.6339999999999999, 2.5957446808510613e-06
0.6359999999999999, 2.5957446808510613e-06
0.6379999999999999, 2.5957446808510613e-06
0.6399999999999999, 2.5957446808510613e-06
0.6419999999999999, 2.5957446808510613e-06
0.6439999999999999, 2.5957446808510613e-06
0.6459999999999999, 2.5957446808510613e-06
0.6479999999999999, 2.5957446808510613e-06
0.6499999999999999, 2.5531914893617046e-06
0.6519999999999999, 2.5531914893617046e-06
0.6539999999999999, 2.5957446808510613e-06
0.6559999999999999, 2.6382978723404277e-06
0.6579999999999999, 2.5957446808510613e-06
0.6599999999999999, 2.6382978723404277e-06
0.6619999999999999, 2.6382978723404277e-06
0.6639999999999999, 2.5957446808510613e-06
0.6659999999999999, 2.5957446808510613e-06
0.6679999999999999, 2.680851063829785e-06
0.6699999999999999, 2.6382978723404277e-06
0.6719999999999999, 2.6382978723404277e-06
0.6739999999999999, 2.680851063829785e-06
0.6759999999999999, 2.6382978723404277e-06
0.6779999999999999, 2.680851063829785e-06
0.6799999999999999, 2.7234042553191513e-06
0.6819999999999999, 2.6382978723404277e-06
0.6839999999999999, 2.7659574468085085e-06
0.6859999999999999, 2.6382978723404277e-06
0.688, 2.7234042553191513e-06
0.69, 2.680851063829785e-06
0.692, 2.6382978723404277e-06
0.694, 2.680851063829785e-06
0.696, 2.5957446808510613e-06
0.698, 2.680851063829785e-06
0.7, 2.5957446808510613e-06
0.702, 2.6382978723404277e-06
0.704, 2.680851063829785e-06
0.706, 2.680851063829785e-06
0.708, 2.6382978723404277e-06
0.71, 2.680851063829785e-06
0.712, 2.6382978723404277e-06
0.714, 2.680851063829785e-06
0.716, 2.7234042553191513e-06
0.718, 2.7234042553191513e-06
0.72, 2.7234042553191513e-06
0.722, 2.680851063829785e-06
0.724, 2.7659574468085085e-06
0.726, 2.7234042553191513e-06
0.728, 2.7659574468085085e-06
0.73, 2.7234042553191513e-06
0.732, 2.7234042553191513e-06
0.734, 2.7234042553191513e-06
0.736, 2.7659574468085085e-06
0.738, 2.7234042553191513e-06
0.74, 2.7234042553191513e-06
0.742, 2.680851063829785e-06
0.744, 2.7234042553191513e-06
0.746, 2.680851063829785e-06
0.748, 2.680851063829785e-06
0.75, 2.680851063829785e-06
0.752, 2.680851063829785e-06
0.754, 2.7234042553191513e-06
0.756, 2.680851063829785e-06
0.758, 2.7234042553191513e-06
0.76, 2.7659574468085085e-06
0.762, 2.680851063829785e-06
0.764, 2.680851063829785e-06
0.766, 2.7234042553191513e-06
0.768, 2.7234042553191513e-06
0.77, 2.7659574468085085e-06
0.772, 2.7234042553191513e-06
0.774, 2.7234042553191513e-06
0.776, 2.7659574468085085e-06
0.778, 2.7659574468085085e-06
0.78, 2.7659574468085085e-06
0.782, 2.7659574468085085e-06
0.784, 2.7659574468085085e-06
0.786, 2.7659574468085085e-06
0.788, 2.7659574468085085e-06
0.79, 2.7659574468085085e-06
0.7919999999999998, 2.7659574468085085e-06
0.7939999999999998, 2.7234042553191513e-06
0.7959999999999998, 2.7234042553191513e-06
0.7979999999999998, 2.680851063829785e-06
0.7999999999999998, 2.7234042553191513e-06
0.8019999999999998, 2.7234042553191513e-06
0.8039999999999998, 2.7234042553191513e-06
0.8059999999999998, 2.7234042553191513e-06
0.8079999999999998, 2.7659574468085085e-06
0.8099999999999998, 2.7234042553191513e-06
0.8119999999999998, 2.7234042553191513e-06
0.8139999999999998, 2.7234042553191513e-06
0.8159999999999998, 2.7234042553191513e-06
0.8179999999999998, 2.7659574468085085e-06
0.8199999999999998, 2.7234042553191513e-06
0.8219999999999998, 2.7234042553191513e-06
0.8239999999999998, 2.7659574468085085e-06
0.8259999999999998, 2.808510638297875e-06
0.8279999999999998, 2.7659574468085085e-06
0.8299999999999998, 2.7659574468085085e-06
0.8319999999999999, 2.7659574468085085e-06
0.8339999999999999, 2.7659574468085085e-06
0.8359999999999999, 2.8510638297872317e-06
0.8379999999999999, 2.7659574468085085e-06
0.8399999999999999, 2.7659574468085085e-06
0.8419999999999999, 2.7234042553191513e-06
0.8439999999999999, 2.7659574468085085e-06
0.8459999999999999, 2.7659574468085085e-06
0.8479999999999999, 2.7659574468085085e-06
0.8499999999999999, 2.7234042553191513e-06
0.8519999999999999, 2.7659574468085085e-06
0.8539999999999999, 2.7659574468085085e-06
0.8559999999999999, 2.7659574468085085e-06
0.8579999999999999, 2.7659574468085085e-06
0.8599999999999999, 2.7234042553191513e-06
0.8619999999999999, 2.7234042553191513e-06
0.8639999999999999, 2.7234042553191513e-06
0.8659999999999999, 2.7234042553191513e-06
0.8679999999999999, 2.7234042553191513e-06
0.8699999999999999, 2.7234042553191513e-06
0.8719999999999999, 2.7659574468085085e-06
0.8739999999999999, 2.7234042553191513e-06
0.8759999999999999, 2.7659574468085085e-06
0.8779999999999999, 2.7659574468085085e-06
0.8799999999999999, 2.7659574468085085e-06
0.8819999999999999, 2.7234042553191513e-06
0.8839999999999999, 2.7234042553191513e-06
0.8859999999999999, 2.7659574468085085e-06
0.8879999999999999, 2.7659574468085085e-06
0.8899999999999999, 2.7659574468085085e-06
0.8919999999999999, 2.7659574468085085e-06
0.8939999999999999, 2.7234042553191513e-06
0.8959999999999999, 2.7659574468085085e-06
0.8979999999999999, 2.7234042553191513e-06
0.8999999999999999, 2.7659574468085085e-06
0.9019999999999999, 2.7659574468085085e-06
0.9039999999999999, 2.7659574468085085e-06
0.9059999999999999, 2.7659574468085085e-06
0.9079999999999999, 2.7659574468085085e-06
0.9099999999999999, 2.7234042553191513e-06
0.9119999999999999, 2.7659574468085085e-06
0.9139999999999999, 2.7234042553191513e-06
0.9159999999999999, 2.7659574468085085e-06
0.9179999999999999, 2.7234042553191513e-06
0.9199999999999999, 2.7659574468085085e-06
0.9219999999999999, 2.7659574468085085e-06
0.9239999999999999, 2.7659574468085085e-06
0.9259999999999999, 2.7234042553191513e-06
0.9279999999999999, 2.7234042553191513e-06
0.9299999999999999, 2.7659574468085085e-06
0.9319999999999999, 2.7659574468085085e-06
0.9339999999999999, 2.808510638297875e-06
0.9359999999999999, 2.7659574468085085e-06
0.938, 2.808510638297875e-06
0.94, 2.808510638297875e-06
0.942, 2.7659574468085085e-06
0.944, 2.7659574468085085e-06
0.946, 2.808510638297875e-06
0.948, 2.7659574468085085e-06
0.95, 2.7234042553191513e-06
0.952, 2.7234042553191513e-06
0.954, 2.7659574468085085e-06
0.956, 2.7234042553191513e-06
0.958, 5.404255319148937e-06
0.96, 5.404255319148937e-06
0.962, 5.404255319148937e-06
0.964, 5.404255319148937e-06
0.966, 5.404255319148937e-06
0.968, 5.404255319148937e-06
0.97, 5.2340425531914895e-06
0.972, 4.978723404255319e-06
0.974, 4.723404255319149e-06
0.976, 4.468085106382978e-06
0.978, 4.340425531914898e-06
0.98, 4.212765957446807e-06
0.982, 4.042553191489361e-06
0.984, 4.000000000000003e-06
0.986, 3.9148936170212805e-06
0.988, 3.8723404255319136e-06
0.99, 3.78723404255319e-06
0.992, 3.78723404255319e-06
0.994, 3.702127659574467e-06
0.996, 3.702127659574467e-06
0.998, 3.6595744680851097e-06
1.0, 3.574468085106386e-06
1.002, 3.574468085106386e-06
1.004, 3.574468085106386e-06
1.006, 3.574468085106386e-06
1.008, 3.5319148936170196e-06
1.01, 3.4893617021276625e-06
1.012, 3.4893617021276625e-06
1.014, 3.4893617021276625e-06
1.016, 3.446808510638296e-06
1.018, 3.446808510638296e-06
1.02, 3.446808510638296e-06
1.022, 3.446808510638296e-06
1.024, 3.446808510638296e-06
1.026, 3.446808510638296e-06
1.028, 3.4042553191489393e-06
1.03, 3.4042553191489393e-06
1.032, 3.361702127659573e-06
1.034, 3.3191489361702157e-06
1.036, 3.3191489361702157e-06
1.038, 3.3191489361702157e-06
1.04, 3.3191489361702157e-06
1.0419999999999998, 3.3191489361702157e-06
1.0439999999999998, 3.2765957446808492e-06
1.0459999999999998, 3.2765957446808492e-06
1.0479999999999998, 3.2765957446808492e-06
1.0499999999999998, 3.2765957446808492e-06
1.0519999999999998, 3.2765957446808492e-06
1.0539999999999998, 3.234042553191492e-06
1.0559999999999998, 3.2765957446808492e-06
1.0579999999999998, -3.1914893617021256e-06
1.0599999999999998, -3.1063829787234025e-06
1.0619999999999998, -2.170212765957449e-06
1.0639999999999998, -1.2765957446808523e-06
1.0659999999999998, -5.106382978723409e-07
1.0679999999999998, 8.510638297872348e-08
1.0699999999999998, 5.957446808510643e-07
1.0719999999999998, 9.361702127659583e-07
1.0739999999999998, 1.1914893617021287e-06
1.0759999999999998, 1.3617021276595757e-06
1.0779999999999998, 1.5744680851063796e-06
1.0799999999999998, 1.6595744680851032e-06
1.0819999999999999, 1.787234042553193e-06
1.0839999999999999, 1.8723404255319166e-06
1.0859999999999999, 1.9574468085106402e-06
1.0879999999999999, 2.0851063829787205e-06
1.0899999999999999, 2.0851063829787205e-06
1.0919999999999999, 2.0851063829787205e-06
1.0939999999999999, 2.170212765957444e-06
1.0959999999999999, 2.2127659574468106e-06
1.0979999999999999, 2.2553191489361673e-06
1.0999999999999999, 2.2127659574468106e-06
1.1019999999999999, 2.2553191489361673e-06
1.1039999999999999, 2.340425531914891e-06
1.1059999999999999, 2.340425531914891e-06
1.1079999999999999, 2.340425531914891e-06
1.1099999999999999, 2.340425531914891e-06
1.1119999999999999, 2.3829787234042574e-06
1.1139999999999999, 2.468085106382981e-06
1.1159999999999999, 2.4255319148936145e-06
1.1179999999999999, 2.468085106382981e-06
1.1199999999999999, 2.468085106382981e-06
1.1219999999999999, 2.4255319148936145e-06
1.1239999999999999, 2.468085106382981e-06
1.126, 2.468085106382981e-06
1.128, 2.468085106382981e-06
1.13, 2.468085106382981e-06
1.132, 2.468085106382981e-06
1.134, 2.468085106382981e-06
1.136, 2.5531914893617046e-06
1.138, 2.5531914893617046e-06
1.14, 2.510638297872338e-06
1.142, 2.5957446808510613e-06
1.144, 2.5957446808510613e-06
1.146, 2.5531914893617046e-06
1.148, 2.5531914893617046e-06
1.15, 2.5531914893617046e-06
1.152, 2.5957446808510613e-06
1.154, 2.5957446808510613e-06
1.156, 2.6382978723404277e-06
1.158, 2.6382978723404277e-06
1.16, 2.5957446808510613e-06
1.162, 2.6382978723404277e-06
1.164, 2.5957446808510613e-06
1.166, 2.5957446808510613e-06
1.168, 2.5957446808510613e-06
1.17, 2.5957446808510613e-06
1.172, 2.5957446808510613e-06
1.174, 2.6382978723404277e-06
1.176, 2.5957446808510613e-06
1.178, 2.5957446808510613e-06
1.18, 2.5957446808510613e-06
1.182, 2.6382978723404277e-06
1.184, 2.5957446808510613e-06
1.186, 2.680851063829785e-06
1.188, 2.6382978723404277e-06
1.19, 2.6382978723404277e-06
1.192, 2.680851063829785e-06
1.194, 2.7234042553191513e-06
1.196, 2.680851063829785e-06
1.198, 2.7234042553191513e-06
1.2, 2.680851063829785e-06
1.202, 2.680851063829785e-06
1.204, 2.680851063829785e-06
1.206, 2.680851063829785e-06
1.208, 2.680851063829785e-06
1.21, 2.6382978723404277e-06
1.212, 2.6382978723404277e-06
1.214, 2.5957446808510613e-06
1.216, 2.5957446808510613e-06
1.218, 2.5957446808510613e-06
1.22, 2.680851063829785e-06
1.222, 2.680851063829785e-06
1.224, 2.680851063829785e-06
1.226, 2.6382978723404277e-06
1.228, 2.680851063829785e-06
1.23, 2.680851063829785e-06
1.232, 2.680851063829785e-06
1.234, 2.680851063829785e-06
1.236, 2.7234042553191513e-06
1.238, 2.6382978723404277e-06
1.24, 2.680851063829785e-06
1.242, 2.680851063829785e-06
1.244, 2.680851063829785e-06
1.246, 2.7234042553191513e-06
1.248, 2.680851063829785e-06
1.25, 2.680851063829785e-06
1.252, 2.680851063829785e-06
1.254, 2.7234042553191513e-06
1.256, 2.680851063829785e-06
1.258, 2.680851063829785e-06
1.26, 2.680851063829785e-06
1.262, 2.680851063829785e-06
1.264, 2.680851063829785e-06
1.266, 2.7234042553191513e-06
1.268, 2.7234042553191513e-06
1.27, 2.7234042553191513e-06
1.272, 2.7234042553191513e-06
1.274, 2.680851063829785e-06
1.276, 2.680851063829785e-06
1.278, 2.680851063829785e-06
1.28, 2.7234042553191513e-06
1.282, 2.7234042553191513e-06
1.284, 2.7659574468085085e-06
1.286, 2.7234042553191513e-06
1.288, 2.7234042553191513e-06
1.29, 2.680851063829785e-06
1.2919999999999998, 2.680851063829785e-06
1.2939999999999998, 2.680851063829785e-06
1.2959999999999998, 2.680851063829785e-06
1.2979999999999998, 2.680851063829785e-06
1.2999999999999998, 2.680851063829785e-06
1.3019999999999998, 2.680851063829785e-06
1.3039999999999998, 2.680851063829785e-06
1.3059999999999998, 2.680851063829785e-06
1.3079999999999998, 2.7234042553191513e-06
1.3099999999999998, 2.7234042553191513e-06
1.3119999999999998, 2.7234042553191513e-06
1.3139999999999998, 2.680851063829785e-06
1.3159999999999998, 2.680851063829785e-06
1.3179999999999998, 2.7234042553191513e-06
1.3199999999999998, 2.7659574468085085e-06
1.3219999999999998, 2.7659574468085085e-06
1.3239999999999998, 2.7659574468085085e-06
1.3259999999999998, 2.7659574468085085e-06
1.3279999999999998, 2.7234042553191513e-06
1.3299999999999998, 2.7659574468085085e-06
1.3319999999999999, 2.7234042553191513e-06
1.3339999999999999, 2.7659574468085085e-06
1.3359999999999999, 2.7659574468085085e-06
1.3379999999999999, 2.7234042553191513e-06
1.3399999999999999, 2.7659574468085085e-06
1.3419999999999999, 2.7234042553191513e-06
1.3439999999999999, 2.7659574468085085e-06
1.3459999999999999, 2.7234042553191513e-06
1.3479999999999999, 2.7234042553191513e-06
1.3499999999999999, 2.680851063829785e-06
1.3519999999999999, 2.7234042553191513e-06
1.3539999999999999, 2.7234042553191513e-06
1.3559999999999999, 2.7234042553191513e-06
1.3579999999999999, 2.7234042553191513e-06
1.3599999999999999, 2.680851063829785e-06
1.3619999999999999, 2.680851063829785e-06
1.3639999999999999, 2.7234042553191513e-06
1.3659999999999999, 2.7659574468085085e-06
1.3679999999999999, 2.7234042553191513e-06
1.3699999999999999, 2.7659574468085085e-06
1.3719999999999999, 2.7659574468085085e-06
1.3739999999999999, 2.7234042553191513e-06
1.376, 2.7659574468085085e-06
1.378, 2.7659574468085085e-06
1.38, 2.7659574468085085e-06
1.382, 2.7659574468085085e-06
1.384, 2.7234042553191513e-06
1.386, 2.7234042553191513e-06
1.388, 2.7234042553191513e-06
1.39, 2.7234042553191513e-06
1.392, 2.7234042553191513e-06
1.394, 2.7234042553191513e-06
1.396, 2.7234042553191513e-06
1.398, 2.680851063829785e-06
1.4, 2.680851063829785e-06
1.402, 2.7234042553191513e-06
1.404, 2.7234042553191513e-06
1.406, 2.7234042553191513e-06
1.408, 2.7234042553191513e-06
1.41, 2.680851063829785e-06
1.412, 2.680851063829785e-06
1.414, 2.7234042553191513e-06
1.416, 2.7234042553191513e-06
1.418, 2.7659574468085085e-06
1.42, 2.7659574468085085e-06
1.422, 2.808510638297875e-06
1.424, 2.7659574468085085e-06
1.426, 2.7659574468085085e-06
1.428, 2.7234042553191513e-06
1.43, 2.7234042553191513e-06
1.432, 2.7234042553191513e-06
1.434, 2.7234042553191513e-06
1.436, 2.680851063829785e-06
1.438, 2.7234042553191513e-06
1.44, 2.7234042553191513e-06
1.442, 2.7234042553191513e-06
1.444, 2.7234042553191513e-06
1.446, 2.680851063829785e-06
1.448, 2.680851063829785e-06
1.45, 2.7234042553191513e-06
1.452, 2.7234042553191513e-06
1.454, 2.7234042553191513e-06
1.456, 2.7234042553191513e-06
1.458, 5.404255319148937e-06
1.46, 5.404255319148937e-06
1.462, 5.404255319148937e-06
1.464, 5.404255319148937e-06
1.466, 5.404255319148937e-06
1.468, 5.404255319148937e-06
1.47, 5.148936170212766e-06
1.472, 4.851063829787238e-06
1.474, 4.638297872340425e-06
1.476, 4.425531914893621e-06
1.478, 4.255319148936174e-06
1.48, 4.127659574468084e-06
1.482, 4.042553191489361e-06
1.484, 3.957446808510637e-06
1.486, 3.8723404255319136e-06
1.488, 3.829787234042557e-06
1.49, 3.7446808510638333e-06
1.492, 3.702127659574467e-06
1.494, 3.617021276595743e-06
1.496, 3.617021276595743e-06
1.498, 3.574468085106386e-06
1.5, 3.5319148936170196e-06
1.502, 3.5319148936170196e-06
1.504, 3.5319148936170196e-06
1.506, 3.4893617021276625e-06
1.508, 3.4893617021276625e-06
1.51, 3.446808510638296e-06
1.512, 3.446808510638296e-06
1.514, 3.4042553191489393e-06
1.516, 3.446808510638296e-06
1.518, 3.446808510638296e-06
1.52, 3.361702127659573e-06
1.522, 3.446808510638296e-06
1.524, 3.446808510638296e-06
1.526, 3.361702127659573e-06
1.528, 3.3191489361702157e-06
1.53, 3.3191489361702157e-06
1.532, 3.3191489361702157e-06
1.534, 3.3191489361702157e-06
1.536, 3.2765957446808492e-06
1.538, 3.3191489361702157e-06
1.54, 3.3191489361702157e-06
1.5419999999999998, 3.2765957446808492e-06
1.5439999999999998, 3.2765957446808492e-06
1.5459999999999998, 3.234042553191492e-06
1.5479999999999998, 3.2765957446808492e-06
1.5499999999999998, 3.2765957446808492e-06
1.5519999999999998, 3.1914893617021256e-06
1.5539999999999998, 3.2765957446808492e-06
1.5559999999999998, 3.234042553191492e-06
1.5579999999999998, -3.319148936170211e-06
1.5599999999999998, -3.0638297872340407e-06
1.5619999999999998, -2.127659574468087e-06
1.5639999999999998, -1.2765957446808523e-06
1.5659999999999998, -4.255319148936174e-07
1.5679999999999998, 1.276595744680805e-07
1.5699999999999998, 5.957446808510643e-07
1.5719999999999998, 9.787234042553152e-07
1.5739999999999998, 1.1914893617021287e-06
1.5759999999999998, 1.3617021276595757e-06
1.5779999999999998, 1.5319148936170227e-06
1.5799999999999998, 1.7021276595744696e-06
1.5819999999999999, 1.787234042553193e-06
1.5839999999999999, 1.8723404255319166e-06
1.5859999999999999, 1.9148936170212738e-06
1.5879999999999999, 1.9574468085106402e-06
1.5899999999999999, 2.0851063829787205e-06
1.5919999999999999, 2.0425531914893634e-06
1.5939999999999999, 2.127659574468087e-06
1.5959999999999999, 2.170212765957444e-06
1.5979999999999999, 2.2127659574468106e-06
1.5999999999999999, 2.2553191489361673e-06
1.6019999999999999, 2.2553191489361673e-06
1.6039999999999999, 2.340425531914891e-06
1.6059999999999999, 2.340425531914891e-06
1.6079999999999999, 2.340425531914891e-06
1.6099999999999999, 2.3829787234042574e-06
1.6119999999999999, 2.4255319148936145e-06
1.6139999999999999, 2.340425531914891e-06
1.6159999999999999, 2.468085106382981e-06
1.6179999999999999, 2.4255319148936145e-06
1.6199999999999999, 2.4255319148936145e-06
1.6219999999999999, 2.3829787234042574e-06
1.6239999999999999, 2.468085106382981e-06
1.626, 2.468085106382981e-06
1.628, 2.4255319148936145e-06
1.63, 2.468085106382981e-06
1.632, 2.468085106382981e-06
1.634, 2.468085106382981e-06
1.636, 2.510638297872338e-06
1.638, 2.510638297872338e-06
1.64, 2.4255319148936145e-06
1.642, 2.510638297872338e-06
1.644, 2.510638297872338e-06
1.646, 2.510638297872338e-06
1.648, 2.468085106382981e-06
1.65, 2.510638297872338e-06
1.652, 2.510638297872338e-06
1.654, 2.5531914893617046e-06
1.656, 2.510638297872338e-06
1.658, 2.5531914893617046e-06
1.66, 2.5531914893617046e-06
1.662, 2.5957446808510613e-06
1.664, 2.510638297872338e-06
1.666, 2.5957446808510613e-06
1.6679999999999997, 2.5957446808510613e-06
1.67, 2.5957446808510613e-06
1.6719999999999997, 2.5957446808510613e-06
1.674, 2.5957446808510613e-06
1.6759999999999997, 2.5957446808510613e-06
1.678, 2.6382978723404277e-06
1.6799999999999997, 2.5531914893617046e-06
1.682, 2.5957446808510613e-06
1.6839999999999997, 2.5531914893617046e-06
1.686, 2.5957446808510613e-06
1.6879999999999997, 2.6382978723404277e-06
1.69, 2.5957446808510613e-06
1.6919999999999997, 2.5957446808510613e-06
1.694, 2.6382978723404277e-06
1.6959999999999997, 2.5957446808510613e-06
1.698, 2.5957446808510613e-06
1.6999999999999997, 2.6382978723404277e-06
1.702, 2.6382978723404277e-06
1.7039999999999997, 2.6382978723404277e-06
1.706, 2.680851063829785e-06
1.7079999999999997, 2.680851063829785e-06
1.71, 2.6382978723404277e-06
1.7119999999999997, 2.680851063829785e-06
1.714, 2.680851063829785e-06
1.7159999999999997, 2.6382978723404277e-06
1.718, 2.680851063829785e-06
1.7199999999999998, 2.6382978723404277e-06
1.722, 2.680851063829785e-06
1.7239999999999998, 2.6382978723404277e-06
1.726, 2.6382978723404277e-06
1.7279999999999998, 2.5957446808510613e-06
1.73, 2.5957446808510613e-06
1.7319999999999998, 2.6382978723404277e-06
1.734, 2.680851063829785e-06
1.7359999999999998, 2.7234042553191513e-06
1.738, 2.680851063829785e-06
1.7399999999999998, 2.680851063829785e-06
1.742, 2.5957446808510613e-06
1.7439999999999998, 2.680851063829785e-06
1.746, 2.6382978723404277e-06
1.7479999999999998, 2.680851063829785e-06
1.75, 2.680851063829785e-06
1.7519999999999998, 2.6382978723404277e-06
1.754, 2.7234042553191513e-06
1.7559999999999998, 2.6382978723404277e-06
1.758, 2.680851063829785e-06
1.7599999999999998, 2.6382978723404277e-06
1.762, 2.6382978723404277e-06
1.7639999999999998, 2.6382978723404277e-06
1.766, 2.5957446808510613e-06
1.7679999999999998, 2.680851063829785e-06
1.77, 2.6382978723404277e-06
1.7719999999999998, 2.6382978723404277e-06
1.774, 2.680851063829785e-06
1.7759999999999998, 2.6382978723404277e-06
1.778, 2.6382978723404277e-06
1.7799999999999998, 2.6382978723404277e-06
1.782, 2.680851063829785e-06
1.7839999999999998, 2.680851063829785e-06
1.786, 2.680851063829785e-06
1.7879999999999998, 2.680851063829785e-06
1.79, 2.680851063829785e-06
1.7919999999999998, 2.680851063829785e-06
1.794, 2.7234042553191513e-06
1.7959999999999998, 2.680851063829785e-06
1.798, 2.680851063829785e-06
1.7999999999999998, 2.7234042553191513e-06
1.802, 2.680851063829785e-06
1.8039999999999998, 2.680851063829785e-06
1.806, 2.7234042553191513e-06
1.8079999999999998, 2.680851063829785e-06
1.81, 2.680851063829785e-06
1.8119999999999998, 2.680851063829785e-06
1.814, 2.680851063829785e-06
1.8159999999999998, 2.6382978723404277e-06
1.818, 2.7234042553191513e-06
1.8199999999999998, 2.680851063829785e-06
1.822, 2.7234042553191513e-06
1.8239999999999998, 2.680851063829785e-06
1.826, 2.680851063829785e-06
1.8279999999999998, 2.680851063829785e-06
1.83, 2.6382978723404277e-06
1.8319999999999999, 2.680851063829785e-06
1.834, 2.7234042553191513e-06
1.8359999999999999, 2.680851063829785e-06
1.838, 2.7234042553191513e-06
1.8399999999999999, 2.7234042553191513e-06
1.842, 2.680851063829785e-06
1.8439999999999999, 2.680851063829785e-06
1.846, 2.680851063829785e-06
1.8479999999999999, 2.7234042553191513e-06
1.85, 2.680851063829785e-06
1.8519999999999999, 2.7234042553191513e-06
1.854, 2.680851063829785e-06
1.8559999999999999, 2.7234042553191513e-06
1.858, 2.680851063829785e-06
1.8599999999999999, 2.680851063829785e-06
1.862, 2.680851063829785e-06
1.8639999999999999, 2.680851063829785e-06
1.866, 2.6382978723404277e-06
1.8679999999999999, 2.6382978723404277e-06
1.87, 2.680851063829785e-06
1.8719999999999999, 2.680851063829785e-06
1.874, 2.680851063829785e-06
1.876, 2.680851063829785e-06
1.8780000000000001, 2.6382978723404277e-06
1.88, 2.7234042553191513e-06
1.8820000000000001, 2.7234042553191513e-06
1.884, 2.7234042553191513e-06
1.8860000000000001, 2.7659574468085085e-06
1.888, 2.680851063829785e-06
1.8900000000000001, 2.7659574468085085e-06
1.892, 2.7234042553191513e-06
1.8940000000000001, 2.7234042553191513e-06
1.896, 2.7234042553191513e-06
1.8980000000000001, 2.7234042553191513e-06
1.9, 2.7234042553191513e-06
1.9020000000000001, 2.7234042553191513e-06
1.904, 2.7234042553191513e-06
1.9060000000000001, 2.7659574468085085e-06
1.908, 2.7234042553191513e-06
1.9100000000000001, 2.680851063829785e-06
1.912, 2.680851063829785e-06
1.9140000000000001, 2.6382978723404277e-06
1.916, 2.7234042553191513e-06
1.9179999999999997, 2.680851063829785e-06
1.92, 2.7234042553191513e-06
1.9219999999999997, 2.7234042553191513e-06
1.924, 2.680851063829785e-06
1.9259999999999997, 2.7234042553191513e-06
1.928, 2.7234042553191513e-06
1.9299999999999997, 2.7234042553191513e-06
1.932, 2.7234042553191513e-06
1.9339999999999997, 2.7234042553191513e-06
1.936, 2.7659574468085085e-06
1.9379999999999997, 2.7234042553191513e-06
1.94, 2.7234042553191513e-06
1.9419999999999997, 2.7234042553191513e-06
1.944, 2.7234042553191513e-06
1.9459999999999997, 2.7234042553191513e-06
1.948, 2.680851063829785e-06
1.9499999999999997, 2.7234042553191513e-06
1.952, 2.680851063829785e-06
1.9539999999999997, 2.680851063829785e-06
1.956, 2.8510638297872317e-06
1.9579999999999997, 5.404255319148937e-06
1.96, 5.404255319148937e-06
1.9619999999999997, 5.404255319148937e-06
1.964, 5.404255319148937e-06
1.9659999999999997, 5.404255319148937e-06
1.968, 5.404255319148937e-06
1.9699999999999998, 5.063829787234042e-06
1.972, 4.8085106382978715e-06
1.9739999999999998, 4.5531914893617015e-06
1.976, 4.340425531914898e-06
1.9779999999999998, 4.212765957446807e-06
1.98, 4.085106382978727e-06
1.9819999999999998, 4.000000000000003e-06
1.984, 3.9148936170212805e-06
1.9859999999999998, 3.829787234042557e-06
1.988, 3.78723404255319e-06
1.9899999999999998, 3.7446808510638333e-06
1.992, 3.702127659574467e-06
1.9939999999999998, 3.6595744680851097e-06
1.996, 3.574468085106386e-06
1.9979999999999998, 3.574468085106386e-06
2.0, 3.5319148936170196e-06
2.002, 3.5319148936170196e-06
2.004, 3.4893617021276625e-06
2.006, 3.446808510638296e-06
2.008, 3.446808510638296e-06
2.01, 3.446808510638296e-06
2.012, 3.446808510638296e-06
2.014, 3.4042553191489393e-06
2.016, 3.361702127659573e-06
2.018, 3.446808510638296e-06
2.02, 3.446808510638296e-06
2.022, 3.361702127659573e-06
2.024, 3.3191489361702157e-06
2.026, 3.3191489361702157e-06
2.028, 3.3191489361702157e-06
2.03, 3.2765957446808492e-06
2.032, 3.3191489361702157e-06
2.034, 3.2765957446808492e-06
2.036, 3.2765957446808492e-06
2.038, 3.3191489361702157e-06
2.04, 3.3191489361702157e-06
2.042, 3.2765957446808492e-06
2.044, 3.234042553191492e-06
2.046, 3.234042553191492e-06
2.048, 3.1914893617021256e-06
2.05, 3.234042553191492e-06
2.052, 3.234042553191492e-06
2.054, 3.148936170212769e-06
2.056, 2.6382978723404277e-06
2.058, -3.446808510638296e-06
2.06, -2.978723404255317e-06
2.062, -2.085106382978725e-06
2.064, -1.1914893617021287e-06
2.066, -5.106382978723409e-07
2.068, 4.2553191489357015e-08
2.07, 5.531914893616979e-07
2.072, 8.510638297872348e-07
2.074, 1.2340425531914858e-06
2.076, 1.3617021276595757e-06
2.078, 1.4893617021276562e-06
2.08, 1.6595744680851032e-06
2.082, 1.787234042553193e-06
2.084, 1.8723404255319166e-06
2.086, 1.9148936170212738e-06
2.088, 1.999999999999997e-06
2.09, 2.0851063829787205e-06
2.092, 2.0851063829787205e-06
2.094, 2.170212765957444e-06
2.096, 2.170212765957444e-06
2.098, 2.170212765957444e-06
2.1, 2.2127659574468106e-06
2.102, 2.2127659574468106e-06
2.104, 2.2553191489361673e-06
2.106, 2.2978723404255338e-06
2.108, 2.2978723404255338e-06
2.11, 2.340425531914891e-06
2.112, 2.2978723404255338e-06
2.114, 2.340425531914891e-06
2.116, 2.3829787234042574e-06
2.118, 2.340425531914891e-06
2.12, 2.3829787234042574e-06
2.122, 2.4255319148936145e-06
2.124, 2.468085106382981e-06
2.126, 2.4255319148936145e-06
2.128, 2.468085106382981e-06
2.13, 2.510638297872338e-06
2.132, 2.510638297872338e-06
2.134, 2.510638297872338e-06
2.136, 2.510638297872338e-06
2.138, 2.510638297872338e-06
2.14, 2.510638297872338e-06
2.142, 2.468085106382981e-06
2.144, 2.468085106382981e-06
2.146, 2.468085106382981e-06
2.148, 2.4255319148936145e-06
2.15, 2.468085106382981e-06
2.152, 2.468085106382981e-06
2.154, 2.510638297872338e-06
2.156, 2.5531914893617046e-06
2.158, 2.5531914893617046e-06
2.16, 2.5531914893617046e-06
2.162, 2.510638297872338e-06
2.164, 2.5531914893617046e-06
2.166, 2.510638297872338e-06
2.1679999999999997, 2.5531914893617046e-06
2.17, 2.5531914893617046e-06
2.1719999999999997, 2.5957446808510613e-06
2.174, 2.5957446808510613e-06
2.1759999999999997, 2.5957446808510613e-06
2.178, 2.5957446808510613e-06
2.1799999999999997, 2.5531914893617046e-06
2.182, 2.5957446808510613e-06
2.1839999999999997, 2.5531914893617046e-06
2.186, 2.5957446808510613e-06
2.1879999999999997, 2.5957446808510613e-06
2.19, 2.6382978723404277e-06
2.1919999999999997, 2.5957446808510613e-06
2.194, 2.5531914893617046e-06
2.1959999999999997, 2.5957446808510613e-06
2.198, 2.6382978723404277e-06
2.1999999999999997, 2.5531914893617046e-06
2.202, 2.5957446808510613e-06
2.2039999999999997, 2.5957446808510613e-06
2.206, 2.6382978723404277e-06
2.2079999999999997, 2.6382978723404277e-06
2.21, 2.5957446808510613e-06
2.2119999999999997, 2.5957446808510613e-06
2.214, 2.6382978723404277e-06
2.2159999999999997, 2.6382978723404277e-06
2.218, 2.5957446808510613e-06
2.2199999999999998, 2.5957446808510613e-06
2.222, 2.6382978723404277e-06
2.2239999999999998, 2.680851063829785e-06
2.226, 2.6382978723404277e-06
2.2279999999999998, 2.6382978723404277e-06
2.23, 2.680851063829785e-06
2.2319999999999998, 2.680851063829785e-06
2.234, 2.6382978723404277e-06
2.2359999999999998, 2.680851063829785e-06
2.238, 2.6382978723404277e-06
2.2399999999999998, 2.6382978723404277e-06
2.242, 2.6382978723404277e-06
2.2439999999999998, 2.6382978723404277e-06
2.246, 2.6382978723404277e-06
2.2479999999999998, 2.5957446808510613e-06
2.25, 2.5957446808510613e-06
2.252, 2.5957446808510613e-06
2.254, 2.5957446808510613e-06
2.256, 2.5957446808510613e-06
2.258, 2.5957446808510613e-06
2.26, 2.6382978723404277e-06
2.262, 2.6382978723404277e-06
2.264, 2.6382978723404277e-06
2.266, 2.5957446808510613e-06
2.268, 2.6382978723404277e-06
2.27, 2.6382978723404277e-06
2.272, 2.6382978723404277e-06
2.274, 2.680851063829785e-06
2.276, 2.6382978723404277e-06
2.278, 2.680851063829785e-06
2.28, 2.680851063829785e-06
2.282, 2.6382978723404277e-06
2.284, 2.6382978723404277e-06
2.286, 2.680851063829785e-06
2.288, 2.680851063829785e-06
2.29, 2.6382978723404277e-06
2.292, 2.6382978723404277e-06
2.294, 2.680851063829785e-06
2.296, 2.6382978723404277e-06
2.298, 2.5957446808510613e-06
2.3, 2.6382978723404277e-06
2.302, 2.6382978723404277e-06
2.304, 2.6382978723404277e-06
2.306, 2.6382978723404277e-06
2.308, 2.6382978723404277e-06
2.31, 2.5957446808510613e-06
2.312, 2.6382978723404277e-06
2.314, 2.6382978723404277e-06
2.316, 2.680851063829785e-06
2.318, 2.6382978723404277e-06
2.32, 2.680851063829785e-06
2.322, 2.7234042553191513e-06
2.324, 2.680851063829785e-06
2.326, 2.7659574468085085e-06
2.328, 2.680851063829785e-06
2.33, 2.680851063829785e-06
2.332, 2.680851063829785e-06
2.334, 2.6382978723404277e-06
2.336, 2.680851063829785e-06
2.338, 2.6382978723404277e-06
2.34, 2.680851063829785e-06
2.342, 2.680851063829785e-06
2.344, 2.6382978723404277e-06
2.346, 2.6382978723404277e-06
2.348, 2.6382978723404277e-06
2.35, 2.6382978723404277e-06
2.352, 2.6382978723404277e-06
2.354, 2.6382978723404277e-06
2.356, 2.680851063829785e-06
2.358, 2.680851063829785e-06
2.36, 2.680851063829785e-06
2.362, 2.680851063829785e-06
2.364, 2.6382978723404277e-06
2.366, 2.680851063829785e-06
2.368, 2.680851063829785e-06
2.37, 2.6382978723404277e-06
2.372, 2.7234042553191513e-06
2.374, 2.7234042553191513e-06
2.376, 2.680851063829785e-06
2.378, 2.680851063829785e-06
2.38, 2.680851063829785e-06
2.382, 2.680851063829785e-06
2.384, 2.680851063829785e-06
2.386, 2.7234042553191513e-06
2.388, 2.680851063829785e-06
2.39, 2.680851063829785e-06
2.392, 2.7234042553191513e-06
2.394, 2.680851063829785e-06
2.396, 2.680851063829785e-06
2.398, 2.6382978723404277e-06
2.4, 2.680851063829785e-06
2.402, 2.680851063829785e-06
2.404, 2.7234042553191513e-06
2.406, 2.680851063829785e-06
2.408, 2.680851063829785e-06
2.41, 2.680851063829785e-06
2.412, 2.7234042553191513e-06
2.414, 2.6382978723404277e-06
2.416, 2.680851063829785e-06
2.4179999999999997, 2.680851063829785e-06
2.42, 2.7234042553191513e-06
2.4219999999999997, 2.680851063829785e-06
2.424, 2.680851063829785e-06
2.4259999999999997, 2.680851063829785e-06
2.428, 2.7234042553191513e-06
2.4299999999999997, 2.680851063829785e-06
2.432, 2.680851063829785e-06
2.4339999999999997, 2.7234042553191513e-06
2.436, 2.7234042553191513e-06
2.4379999999999997, 2.7234042553191513e-06
2.44, 2.680851063829785e-06
2.4419999999999997, 2.6382978723404277e-06
2.444, 2.680851063829785e-06
2.4459999999999997, 2.6382978723404277e-06
2.448, 2.680851063829785e-06
2.4499999999999997, 2.6382978723404277e-06
2.452, 2.6382978723404277e-06
2.4539999999999997, 2.680851063829785e-06
2.456, 2.680851063829785e-06
2.4579999999999997, 5.404255319148937e-06
2.46, 5.404255319148937e-06
2.4619999999999997, 5.404255319148937e-06
2.464, 5.404255319148937e-06
2.4659999999999997, 5.404255319148937e-06
2.468, 5.404255319148937e-06
2.4699999999999998, 5.148936170212766e-06
2.472, 4.851063829787238e-06
2.4739999999999998, 4.510638297872345e-06
2.476, 4.382978723404254e-06
2.4779999999999998, 4.212765957446807e-06
2.48, 4.127659574468084e-06
2.4819999999999998, 4.000000000000003e-06
2.484, 3.9148936170212805e-06
2.4859999999999998, 3.8723404255319136e-06
2.488, 3.78723404255319e-06
2.4899999999999998, 3.7446808510638333e-06
2.492, 3.702127659574467e-06
2.4939999999999998, 3.574468085106386e-06
2.496, 3.5319148936170196e-06
2.4979999999999998, 3.5319148936170196e-06
2.5, 3.5319148936170196e-06
2.502, 3.4893617021276625e-06
2.504, 3.446808510638296e-06
2.506, 3.446808510638296e-06
2.508, 3.446808510638296e-06
2.51, 3.4042553191489393e-06
2.512, 3.361702127659573e-06
2.514, 3.361702127659573e-06
2.516, 3.361702127659573e-06
2.518, 3.3191489361702157e-06
2.52, 3.361702127659573e-06
2.522, 3.361702127659573e-06
2.524, 3.2765957446808492e-06
2.526, 3.3191489361702157e-06
2.528, 3.2765957446808492e-06
2.53, 3.2765957446808492e-06
2.532, 3.2765957446808492e-06
2.534, 3.3191489361702157e-06
2.536, 3.2765957446808492e-06
2.538, 3.2765957446808492e-06
2.54, 3.2765957446808492e-06
2.542, 3.234042553191492e-06
2.544, 3.234042553191492e-06
2.546, 3.1914893617021256e-06
2.548, 3.1914893617021256e-06
2.55, 3.234042553191492e-06
2.552, 3.1914893617021256e-06
2.554, 3.1914893617021256e-06
2.556, 1.0212765957446817e-06
2.558, -3.489361702127658e-06
2.56, -2.978723404255317e-06
2.562, -2.0425531914893634e-06
2.564, -1.1914893617021287e-06
2.566, -4.255319148936174e-07
2.568, 1.276595744680805e-07
2.57, 5.531914893616979e-07
2.572, 9.361702127659583e-07
2.574, 1.1489361702127622e-06
2.576, 1.3617021276595757e-06
2.578, 1.4893617021276562e-06
2.58, 1.6595744680851032e-06
2.582, 1.787234042553193e-06
2.584, 1.8723404255319166e-06
2.586, 1.9148936170212738e-06
2.588, 1.9574468085106402e-06
2.59, 1.999999999999997e-06
2.592, 2.0425531914893634e-06
2.594, 2.0851063829787205e-06
2.596, 2.170212765957444e-06
2.598, 2.2127659574468106e-06
2.6, 2.2127659574468106e-06
2.602, 2.2127659574468106e-06
2.604, 2.2127659574468106e-06
2.606, 2.2553191489361673e-06
2.608, 2.340425531914891e-06
2.61, 2.340425531914891e-06
2.612, 2.2978723404255338e-06
2.614, 2.340425531914891e-06
2.616, 2.340425531914891e-06
2.618, 2.3829787234042574e-06
2.62, 2.340425531914891e-06
2.622, 2.3829787234042574e-06
2.624, 2.340425531914891e-06
2.626, 2.468085106382981e-06
2.628, 2.468085106382981e-06
2.63, 2.468085106382981e-06
2.632, 2.4255319148936145e-06
2.634, 2.510638297872338e-06
2.636, 2.468085106382981e-06
2.638, 2.468085106382981e-06
2.64, 2.510638297872338e-06
2.642, 2.4255319148936145e-06
2.644, 2.4255319148936145e-06
2.646, 2.468085106382981e-06
2.648, 2.4255319148936145e-06
2.65, 2.468085106382981e-06
2.652, 2.468085106382981e-06
2.654, 2.510638297872338e-06
2.656, 2.468085106382981e-06
2.658, 2.510638297872338e-06
2.66, 2.510638297872338e-06
2.662, 2.510638297872338e-06
2.664, 2.5531914893617046e-06
2.666, 2.510638297872338e-06
2.6679999999999997, 2.510638297872338e-06
2.67, 2.5957446808510613e-06
2.6719999999999997, 2.5531914893617046e-06
2.674, 2.5531914893617046e-06
2.6759999999999997, 2.5531914893617046e-06
2.678, 2.5531914893617046e-06
2.6799999999999997, 2.5531914893617046e-06
2.682, 2.5957446808510613e-06
2.6839999999999997, 2.5957446808510613e-06
2.686, 2.5957446808510613e-06
2.6879999999999997, 2.5957446808510613e-06
2.69, 2.5531914893617046e-06
2.6919999999999997, 2.510638297872338e-06
2.694, 2.5531914893617046e-06
2.6959999999999997, 2.5957446808510613e-06
2.698, 2.510638297872338e-06
2.6999999999999997, 2.5531914893617046e-06
2.702, 2.5957446808510613e-06
2.7039999999999997, 2.5957446808510613e-06
2.706, 2.5957446808510613e-06
2.7079999999999997, 2.5531914893617046e-06
2.71, 2.5531914893617046e-06
2.7119999999999997, 2.5957446808510613e-06
2.714, 2.5531914893617046e-06
2.7159999999999997, 2.5531914893617046e-06
2.718, 2.5957446808510613e-06
2.7199999999999998, 2.5531914893617046e-06
2.722, 2.5957446808510613e-06
2.7239999999999998, 2.5957446808510613e-06
2.726, 2.5957446808510613e-06
2.7279999999999998, 2.5957446808510613e-06
2.73, 2.6382978723404277e-06
2.7319999999999998, 2.5957446808510613e-06
2.734, 2.6382978723404277e-06
2.7359999999999998, 2.6382978723404277e-06
2.738, 2.6382978723404277e-06
2.7399999999999998, 2.6382978723404277e-06
2.742, 2.5957446808510613e-06
2.7439999999999998, 2.5957446808510613e-06
2.746, 2.5957446808510613e-06
2.7479999999999998, 2.5957446808510613e-06
2.75, 2.5957446808510613e-06
2.752, 2.5957446808510613e-06
2.754, 2.6382978723404277e-06
2.756, 2.5957446808510613e-06
2.758, 2.5957446808510613e-06
2.76, 2.6382978723404277e-06
2.762, 2.5957446808510613e-06
2.764, 2.5957446808510613e-06
2.766, 2.5531914893617046e-06
2.768, 2.5957446808510613e-06
2.77, 2.5957446808510613e-06
2.772, 2.6382978723404277e-06
2.774, 2.6382978723404277e-06
2.776, 2.5957446808510613e-06
2.778, 2.5531914893617046e-06
2.78, 2.5957446808510613e-06
2.782, 2.680851063829785e-06
2.784, 2.5957446808510613e-06
2.786, 2.680851063829785e-06
2.788, 2.5957446808510613e-06
2.79, 2.680851063829785e-06
2.792, 2.6382978723404277e-06
2.794, 2.6382978723404277e-06
2.796, 2.6382978723404277e-06
2.798, 2.6382978723404277e-06
2.8, 2.6382978723404277e-06
2.802, 2.680851063829785e-06
2.804, 2.680851063829785e-06
2.806, 2.6382978723404277e-06
2.808, 2.5957446808510613e-06
2.81, 2.5957446808510613e-06
2.812, 2.5957446808510613e-06
2.814, 2.6382978723404277e-06
2.816, 2.6382978723404277e-06
2.818, 2.6382978723404277e-06
2.82, 2.5957446808510613e-06
2.822, 2.5957446808510613e-06
2.824, 2.5957446808510613e-06
2.826, 2.680851063829785e-06
2.828, 2.680851063829785e-06
2.83, 2.6382978723404277e-06
2.832, 2.5957446808510613e-06
2.834, 2.6382978723404277e-06
2.836, 2.6382978723404277e-06
2.838, 2.7234042553191513e-06
2.84, 2.680851063829785e-06
2.842, 2.6382978723404277e-06
2.844, 2.6382978723404277e-06
2.846, 2.680851063829785e-06
2.848, 2.6382978723404277e-06
2.85, 2.680851063829785e-06
2.852, 2.6382978723404277e-06
2.854, 2.680851063829785e-06
2.856, 2.680851063829785e-06
2.858, 2.6382978723404277e-06
2.86, 2.5957446808510613e-06
2.862, 2.6382978723404277e-06
2.864, 2.5957446808510613e-06
2.866, 2.5957446808510613e-06
2.868, 2.5957446808510613e-06
2.87, 2.5957446808510613e-06
2.872, 2.5957446808510613e-06
2.874, 2.6382978723404277e-06
2.876, 2.680851063829785e-06
2.878, 2.5957446808510613e-06
2.88, 2.6382978723404277e-06
2.882, 2.6382978723404277e-06
2.884, 2.6382978723404277e-06
2.886, 2.5957446808510613e-06
2.888, 2.5957446808510613e-06
2.89, 2.680851063829785e-06
2.892, 2.6382978723404277e-06
2.894, 2.680851063829785e-06
2.896, 2.6382978723404277e-06
2.898, 2.680851063829785e-06
2.9, 2.680851063829785e-06
2.902, 2.680851063829785e-06
2.904, 2.7234042553191513e-06
2.906, 2.680851063829785e-06
2.908, 2.680851063829785e-06
2.91, 2.6382978723404277e-06
2.912, 2.6382978723404277e-06
2.914, 2.680851063829785e-06
2.916, 2.680851063829785e-06
2.9179999999999997, 2.6382978723404277e-06
2.92, 2.6382978723404277e-06
2.9219999999999997, 2.5957446808510613e-06
2.924, 2.6382978723404277e-06
2.9259999999999997, 2.6382978723404277e-06
2.928, 2.6382978723404277e-06
2.9299999999999997, 2.6382978723404277e-06
2.932, 2.6382978723404277e-06
2.9339999999999997, 2.6382978723404277e-06
2.936, 2.6382978723404277e-06
2.9379999999999997, 2.680851063829785e-06
2.94, 2.6382978723404277e-06
2.9419999999999997, 2.680851063829785e-06
2.944, 2.680851063829785e-06
2.9459999999999997, 2.6382978723404277e-06
2.948, 2.6382978723404277e-06
2.9499999999999997, 2.5957446808510613e-06
2.952, 2.680851063829785e-06
2.9539999999999997, 2.680851063829785e-06
2.956, 5.404255319148937e-06
2.9579999999999997, 5.404255319148937e-06
2.96, 5.404255319148937e-06
2.9619999999999997, 5.404255319148937e-06
2.964, 5.404255319148937e-06
2.9659999999999997, 5.404255319148937e-06
2.968, 5.36170212765957e-06
2.9699999999999998, 4.978723404255319e-06
2.972, 4.680851063829791e-06
2.9739999999999998, 4.468085106382978e-06
2.976, 4.255319148936174e-06
2.9779999999999998, 4.17021276595745e-06
2.98, 4.000000000000003e-06
2.9819999999999998, 3.8723404255319136e-06
2.984, 3.829787234042557e-06
2.9859999999999998, 3.7446808510638333e-06
2.988, 3.7446808510638333e-06
2.9899999999999998, 3.6595744680851097e-06
2.992, 3.574468085106386e-06
2.9939999999999998, 3.574468085106386e-06
2.996, 3.5319148936170196e-06
2.9979999999999998, 3.5319148936170196e-06
3.0, 3.5319148936170196e-06
3.002, 3.4042553191489393e-06
3.004, 3.446808510638296e-06
3.006, 3.446808510638296e-06
3.008, 3.4042553191489393e-06
3.01, 3.361702127659573e-06
3.012, 3.3191489361702157e-06
3.014, 3.4042553191489393e-06
3.016, 3.361702127659573e-06
3.018, 3.361702127659573e-06
3.02, 3.3191489361702157e-06
3.022, 3.3191489361702157e-06
3.024, 3.2765957446808492e-06
3.026, 3.2765957446808492e-06
3.028, 3.2765957446808492e-06
3.03, 3.2765957446808492e-06
3.032, 3.2765957446808492e-06
3.034, 3.234042553191492e-06
3.036, 3.234042553191492e-06
3.038, 3.1914893617021256e-06
3.04, 3.1914893617021256e-06
3.042, 3.1914893617021256e-06
3.044, 3.1914893617021256e-06
3.046, 3.148936170212769e-06
3.048, 3.148936170212769e-06
3.05, 3.148936170212769e-06
3.052, 3.1914893617021256e-06
3.054, 3.148936170212769e-06
3.056, -2.553191489361704e-07
3.058, -3.446808510638296e-06
3.06, -2.8510638297872317e-06
3.062, -1.9148936170212784e-06
3.064, -1.0638297872340435e-06
3.066, -3.404255319148939e-07
3.068, 1.276595744680805e-07
3.07, 6.382978723404214e-07
3.072, 9.787234042553152e-07
3.074, 1.1489361702127622e-06
3.076, 1.3617021276595757e-06
3.078, 1.4893617021276562e-06
3.08, 1.6595744680851032e-06
3.082, 1.7446808510638266e-06
3.084, 1.8297872340425502e-06
3.086, 1.9148936170212738e-06
3.088, 1.9148936170212738e-06
3.09, 1.999999999999997e-06
3.092, 1.999999999999997e-06
3.094, 2.0851063829787205e-06
3.096, 2.0851063829787205e-06
3.098, 2.127659574468087e-06
3.1, 2.127659574468087e-06
3.102, 2.127659574468087e-06
3.104, 2.170212765957444e-06
3.106, 2.2553191489361673e-06
3.108, 2.2553191489361673e-06
3.11, 2.2553191489361673e-06
3.112, 2.2978723404255338e-06
3.114, 2.2978723404255338e-06
3.116, 2.2978723404255338e-06
3.118, 2.340425531914891e-06
3.12, 2.340425531914891e-06
3.122, 2.3829787234042574e-06
3.124, 2.340425531914891e-06
3.126, 2.340425531914891e-06
3.128, 2.4255319148936145e-06
3.13, 2.3829787234042574e-06
3.132, 2.3829787234042574e-06
3.134, 2.4255319148936145e-06
3.136, 2.4255319148936145e-06
3.138, 2.468085106382981e-06
3.14, 2.4255319148936145e-06
3.142, 2.468085106382981e-06
3.144, 2.4255319148936145e-06
3.146, 2.468085106382981e-06
3.148, 2.468085106382981e-06
3.15, 2.510638297872338e-06
3.152, 2.510638297872338e-06
3.154, 2.510638297872338e-06
3.156, 2.468085106382981e-06
3.158, 2.468085106382981e-06
3.16, 2.510638297872338e-06
3.162, 2.468085106382981e-06
3.164, 2.468085106382981e-06
3.166, 2.468085106382981e-06
3.1679999999999997, 2.468085106382981e-06
3.17, 2.510638297872338e-06
3.1719999999999997, 2.468085106382981e-06
3.174, 2.510638297872338e-06
3.1759999999999997, 2.5531914893617046e-06
3.178, 2.510638297872338e-06
3.1799999999999997, 2.510638297872338e-06
3.182, 2.510638297872338e-06
3.1839999999999997, 2.510638297872338e-06
3.186, 2.5957446808510613e-06
3.1879999999999997, 2.510638297872338e-06
3.19, 2.510638297872338e-06
3.1919999999999997, 2.5531914893617046e-06
3.194, 2.5957446808510613e-06
3.1959999999999997, 2.5957446808510613e-06
3.198, 2.5957446808510613e-06
3.1999999999999997, 2.5531914893617046e-06
3.202, 2.5957446808510613e-06
3.2039999999999997, 2.5957446808510613e-06
3.206, 2.5957446808510613e-06
3.2079999999999997, 2.510638297872338e-06
3.21, 2.510638297872338e-06
3.2119999999999997, 2.5531914893617046e-06
3.214, 2.5531914893617046e-06
3.2159999999999997, 2.510638297872338e-06
3.218, 2.5531914893617046e-06
3.2199999999999998, 2.510638297872338e-06
3.222, 2.5531914893617046e-06
3.2239999999999998, 2.5531914893617046e-06
3.226, 2.5531914893617046e-06
3.2279999999999998, 2.5531914893617046e-06
3.23, 2.5531914893617046e-06
3.2319999999999998, 2.5531914893617046e-06
3.234, 2.5531914893617046e-06
3.2359999999999998, 2.5531914893617046e-06
3.238, 2.5531914893617046e-06
3.2399999999999998, 2.5531914893617046e-06
3.242, 2.5957446808510613e-06
3.2439999999999998, 2.5531914893617046e-06
3.246, 2.5957446808510613e-06
3.2479999999999998, 2.5957446808510613e-06
3.25, 2.5957446808510613e-06
3.252, 2.5957446808510613e-06
3.254, 2.5957446808510613e-06
3.256, 2.5957446808510613e-06
3.258, 2.5957446808510613e-06
3.26, 2.6382978723404277e-06
3.262, 2.6382978723404277e-06
3.264, 2.5957446808510613e-06
3.266, 2.5957446808510613e-06
3.268, 2.5957446808510613e-06
3.27, 2.5957446808510613e-06
3.272, 2.5957446808510613e-06
3.274, 2.5957446808510613e-06
3.276, 2.5957446808510613e-06
3.278, 2.5957446808510613e-06
3.28, 2.5531914893617046e-06
3.282, 2.5957446808510613e-06
3.284, 2.5531914893617046e-06
3.286, 2.5957446808510613e-06
3.288, 2.5957446808510613e-06
3.29, 2.5957446808510613e-06
3.292, 2.5957446808510613e-06
3.294, 2.5957446808510613e-06
3.296, 2.5957446808510613e-06
3.298, 2.5957446808510613e-06
3.3, 2.5957446808510613e-06
3.302, 2.5957446808510613e-06
3.304, 2.6382978723404277e-06
3.306, 2.5957446808510613e-06
3.308, 2.5957446808510613e-06
3.31, 2.6382978723404277e-06
3.312, 2.5957446808510613e-06
3.314, 2.5957446808510613e-06
3.316, 2.5957446808510613e-06
3.318, 2.680851063829785e-06
3.32, 2.5957446808510613e-06
3.322, 2.6382978723404277e-06
3.324, 2.5957446808510613e-06
3.326, 2.680851063829785e-06
3.328, 2.6382978723404277e-06
3.33, 2.5531914893617046e-06
3.332, 2.5957446808510613e-06
3.334, 2.6382978723404277e-06
3.336, 2.5957446808510613e-06
3.338, 2.5957446808510613e-06
3.34, 2.5531914893617046e-06
3.342, 2.5957446808510613e-06
3.344, 2.6382978723404277e-06
3.346, 2.5957446808510613e-06
3.348, 2.5957446808510613e-06
3.35, 2.5957446808510613e-06
3.352, 2.6382978723404277e-06
3.354, 2.6382978723404277e-06
3.356, 2.5957446808510613e-06
3.358, 2.5957446808510613e-06
3.36, 2.5957446808510613e-06
3.362, 2.5957446808510613e-06
3.364, 2.5957446808510613e-06
3.366, 2.5957446808510613e-06
3.368, 2.6382978723404277e-06
3.37, 2.6382978723404277e-06
3.372, 2.6382978723404277e-06
3.374, 2.6382978723404277e-06
3.376, 2.680851063829785e-06
3.378, 2.680851063829785e-06
3.38, 2.5957446808510613e-06
3.382, 2.5531914893617046e-06
3.384, 2.6382978723404277e-06
3.386, 2.5957446808510613e-06
3.388, 2.5957446808510613e-06
3.39, 2.6382978723404277e-06
3.392, 2.6382978723404277e-06
3.394, 2.6382978723404277e-06
3.396, 2.5957446808510613e-06
3.398, 2.5957446808510613e-06
3.4, 2.5957446808510613e-06
3.402, 2.5957446808510613e-06
3.404, 2.6382978723404277e-06
3.406, 2.6382978723404277e-06
3.408, 2.6382978723404277e-06
3.41, 2.5957446808510613e-06
3.412, 2.5957446808510613e-06
3.414, 2.5957446808510613e-06
3.416, 2.5957446808510613e-06
3.4179999999999997, 2.5531914893617046e-06
3.42, 2.5957446808510613e-06
3.4219999999999997, 2.680851063829785e-06
3.424, 2.680851063829785e-06
3.4259999999999997, 2.6382978723404277e-06
3.428, 2.6382978723404277e-06
3.4299999999999997, 2.5957446808510613e-06
3.432, 2.6382978723404277e-06
3.4339999999999997, 2.6382978723404277e-06
3.436, 2.5957446808510613e-06
3.4379999999999997, 2.6382978723404277e-06
3.44, 2.5957446808510613e-06
3.4419999999999997, 2.5531914893617046e-06
3.444, 2.5957446808510613e-06
3.4459999999999997, 2.5957446808510613e-06
3.448, 2.5957446808510613e-06
3.4499999999999997, 2.5957446808510613e-06
3.452, 2.5957446808510613e-06
3.4539999999999997, 2.5957446808510613e-06
3.456, 5.404255319148937e-06
3.4579999999999997, 5.404255319148937e-06
3.46, 5.404255319148937e-06
3.4619999999999997, 5.404255319148937e-06
3.464, 5.404255319148937e-06
3.4659999999999997, 5.404255319148937e-06
3.468, 5.319148936170213e-06
3.4699999999999998, 4.978723404255319e-06
3.472, 4.680851063829791e-06
3.4739999999999998, 4.425531914893621e-06
3.476, 4.255319148936174e-06
3.4779999999999998, 4.127659574468084e-06
3.48, 4.000000000000003e-06
3.4819999999999998, 3.9148936170212805e-06
3.484, 3.829787234042557e-06
3.4859999999999998, 3.78723404255319e-06
3.488, 3.702127659574467e-06
3.4899999999999998, 3.6595744680851097e-06
3.492, 3.617021276595743e-06
3.4939999999999998, 3.5319148936170196e-06
3.496, 3.4893617021276625e-06
3.4979999999999998, 3.4893617021276625e-06
3.5, 3.446808510638296e-06
3.502, 3.446808510638296e-06
3.504, 3.446808510638296e-06
3.506, 3.446808510638296e-06
3.508, 3.361702127659573e-06
3.51, 3.4042553191489393e-06
3.512, 3.3191489361702157e-06
3.514, 3.3191489361702157e-06
3.516, 3.3191489361702157e-06
3.518, 3.2765957446808492e-06
3.52, 3.3191489361702157e-06
3.522, 3.3191489361702157e-06
3.524, 3.3191489361702157e-06
3.526, 3.2765957446808492e-06
3.528, 3.2765957446808492e-06
3.53, 3.234042553191492e-06
3.532, 3.1914893617021256e-06
3.534, 3.1914893617021256e-06
3.536, 3.234042553191492e-06
3.538, 3.1914893617021256e-06
3.54, 3.1914893617021256e-06
3.542, 3.1914893617021256e-06
3.544, 3.1914893617021256e-06
3.546, 3.148936170212769e-06
3.548, 3.148936170212769e-06
3.55, 3.148936170212769e-06
3.552, 3.1914893617021256e-06
3.554, 3.148936170212769e-06
3.556, 1.0638297872340388e-06
3.558, -3.489361702127658e-06
3.56, -2.978723404255317e-06
3.562, -2.0425531914893634e-06
3.564, -1.1489361702127669e-06
3.566, -4.6808510638297916e-07
3.568, 8.510638297872348e-08
3.57, 5.106382978723409e-07
3.572, 8.085106382978684e-07
3.574, 1.1063829787234053e-06
3.576, 1.2765957446808523e-06
3.578, 1.446808510638299e-06
3.58, 1.5744680851063796e-06
3.582, 1.6595744680851032e-06
3.584, 1.7446808510638266e-06
3.586, 1.787234042553193e-06
3.588, 1.9148936170212738e-06
3.59, 1.9574468085106402e-06
3.592, 1.999999999999997e-06
3.594, 1.999999999999997e-06
3.596, 2.0425531914893634e-06
3.598, 2.127659574468087e-06
3.6, 2.127659574468087e-06
3.602, 2.170212765957444e-06
3.604, 2.170212765957444e-06
3.606, 2.2127659574468106e-06
3.608, 2.2553191489361673e-06
3.61, 2.2978723404255338e-06
3.612, 2.2127659574468106e-06
3.614, 2.340425531914891e-06
3.616, 2.340425531914891e-06
3.618, 2.3829787234042574e-06
3.62, 2.340425531914891e-06
3.622, 2.3829787234042574e-06
3.624, 2.340425531914891e-06
3.626, 2.3829787234042574e-06
3.628, 2.340425531914891e-06
3.63, 2.340425531914891e-06
3.632, 2.340425531914891e-06
3.634, 2.340425531914891e-06
3.636, 2.3829787234042574e-06
3.638, 2.3829787234042574e-06
3.64, 2.3829787234042574e-06
3.642, 2.340425531914891e-06
3.644, 2.468085106382981e-06
3.646, 2.4255319148936145e-06
3.648, 2.4255319148936145e-06
3.65, 2.468085106382981e-06
3.652, 2.4255319148936145e-06
3.654, 2.468085106382981e-06
3.656, 2.4255319148936145e-06
3.658, 2.468085106382981e-06
3.66, 2.510638297872338e-06
3.662, 2.510638297872338e-06
3.664, 2.468085106382981e-06
3.666, 2.468085106382981e-06
3.6679999999999997, 2.468085106382981e-06
3.6699999999999995, 2.468085106382981e-06
3.672, 2.468085106382981e-06
3.674, 2.468085106382981e-06
3.6759999999999997, 2.468085106382981e-06
3.6779999999999995, 2.510638297872338e-06
3.68, 2.468085106382981e-06
3.682, 2.468085106382981e-06
3.6839999999999997, 2.510638297872338e-06
3.6859999999999995, 2.510638297872338e-06
3.688, 2.468085106382981e-06
3.69, 2.510638297872338e-06
3.6919999999999997, 2.510638297872338e-06
3.6939999999999995, 2.5531914893617046e-06
3.696, 2.510638297872338e-06
3.698, 2.510638297872338e-06
3.6999999999999997, 2.510638297872338e-06
3.7019999999999995, 2.5957446808510613e-06
3.704, 2.510638297872338e-06
3.706, 2.5957446808510613e-06
3.7079999999999997, 2.5531914893617046e-06
3.7099999999999995, 2.5957446808510613e-06
3.712, 2.5531914893617046e-06
3.714, 2.5531914893617046e-06
3.7159999999999997, 2.5531914893617046e-06
3.7179999999999995, 2.5531914893617046e-06
3.72, 2.5957446808510613e-06
3.722, 2.5531914893617046e-06
3.7239999999999998, 2.468085106382981e-06
3.7259999999999995, 2.510638297872338e-06
3.728, 2.5531914893617046e-06
3.73, 2.510638297872338e-06
3.7319999999999998, 2.510638297872338e-06
3.7339999999999995, 2.510638297872338e-06
3.736, 2.510638297872338e-06
3.738, 2.5531914893617046e-06
3.7399999999999998, 2.5957446808510613e-06
3.7419999999999995, 2.5531914893617046e-06
3.744, 2.5531914893617046e-06
3.746, 2.5531914893617046e-06
3.7479999999999998, 2.5531914893617046e-06
3.7499999999999996, 2.5531914893617046e-06
3.7520000000000002, 2.510638297872338e-06
3.754, 2.5957446808510613e-06
3.756, 2.5957446808510613e-06
3.7579999999999996, 2.5957446808510613e-06
3.7600000000000002, 2.5957446808510613e-06
3.762, 2.5531914893617046e-06
3.764, 2.5531914893617046e-06
3.7659999999999996, 2.5531914893617046e-06
3.7680000000000002, 2.5957446808510613e-06
3.77, 2.5957446808510613e-06
3.772, 2.5531914893617046e-06
3.7739999999999996, 2.5531914893617046e-06
3.7760000000000002, 2.5957446808510613e-06
3.778, 2.5531914893617046e-06
3.78, 2.5531914893617046e-06
3.7819999999999996, 2.510638297872338e-06
3.7840000000000003, 2.5531914893617046e-06
3.786, 2.5957446808510613e-06
3.788, 2.5957446808510613e-06
3.7899999999999996, 2.5957446808510613e-06
3.7920000000000003, 2.5957446808510613e-06
3.794, 2.5957446808510613e-06
3.796, 2.5957446808510613e-06
3.7979999999999996, 2.5531914893617046e-06
3.8000000000000003, 2.5957446808510613e-06
3.802, 2.5957446808510613e-06
3.804, 2.5957446808510613e-06
3.8059999999999996, 2.5957446808510613e-06
3.8080000000000003, 2.5957446808510613e-06
3.81, 2.5957446808510613e-06
3.812, 2.5957446808510613e-06
3.8139999999999996, 2.5531914893617046e-06
3.8160000000000003, 2.5531914893617046e-06
3.818, 2.5531914893617046e-06
3.82, 2.5531914893617046e-06
3.8219999999999996, 2.5957446808510613e-06
3.8240000000000003, 2.5531914893617046e-06
3.826, 2.5531914893617046e-06
3.828, 2.5531914893617046e-06
3.8299999999999996, 2.5957446808510613e-06
3.8320000000000003, 2.5957446808510613e-06
3.834, 2.5957446808510613e-06
3.836, 2.5531914893617046e-06
3.8379999999999996, 2.5531914893617046e-06
3.8400000000000003, 2.5957446808510613e-06
3.842, 2.5957446808510613e-06
3.844, 2.6382978723404277e-06
3.8459999999999996, 2.5957446808510613e-06
3.8480000000000003, 2.5531914893617046e-06
3.85, 2.5957446808510613e-06
3.852, 2.5957446808510613e-06
3.8539999999999996, 2.680851063829785e-06
3.8560000000000003, 2.5957446808510613e-06
3.858, 2.7234042553191513e-06
3.86, 2.5957446808510613e-06
3.8619999999999997, 2.510638297872338e-06
3.8640000000000003, 2.5957446808510613e-06
3.866, 2.5531914893617046e-06
3.868, 2.5531914893617046e-06
3.8699999999999997, 2.5531914893617046e-06
3.8720000000000003, 2.5957446808510613e-06
3.874, 2.510638297872338e-06
3.876, 2.5531914893617046e-06
3.8779999999999997, 2.5531914893617046e-06
3.8800000000000003, 2.5957446808510613e-06
3.882, 2.5531914893617046e-06
3.884, 2.5957446808510613e-06
3.8859999999999997, 2.5957446808510613e-06
3.8880000000000003, 2.6382978723404277e-06
3.89, 2.5957446808510613e-06
3.892, 2.6382978723404277e-06
3.8939999999999997, 2.680851063829785e-06
3.8960000000000004, 2.6382978723404277e-06
3.898, 2.680851063829785e-06
3.9, 2.6382978723404277e-06
3.9019999999999997, 2.6382978723404277e-06
3.9040000000000004, 2.5957446808510613e-06
3.906, 2.6382978723404277e-06
3.908, 2.5957446808510613e-06
3.9099999999999997, 2.5957446808510613e-06
3.9120000000000004, 2.5957446808510613e-06
3.914, 2.5531914893617046e-06
3.916, 2.5957446808510613e-06
3.9179999999999997, 2.5531914893617046e-06
3.9199999999999995, 2.6382978723404277e-06
3.922, 2.5531914893617046e-06
3.924, 2.5957446808510613e-06
3.9259999999999997, 2.510638297872338e-06
3.9279999999999995, 2.5957446808510613e-06
3.93, 2.5957446808510613e-06
3.932, 2.5957446808510613e-06
3.9339999999999997, 2.5957446808510613e-06
3.9359999999999995, 2.5957446808510613e-06
3.938, 2.6382978723404277e-06
3.94, 2.6382978723404277e-06
3.9419999999999997, 2.6382978723404277e-06
3.9439999999999995, 2.5957446808510613e-06
3.946, 2.6382978723404277e-06
3.948, 2.5957446808510613e-06
3.9499999999999997, 2.5957446808510613e-06
3.9519999999999995, 2.5957446808510613e-06
3.954, 2.5957446808510613e-06
3.956, 5.404255319148937e-06
3.9579999999999997, 5.404255319148937e-06
3.9599999999999995, 5.404255319148937e-06
3.962, 5.404255319148937e-06
3.964, 5.404255319148937e-06
3.9659999999999997, 5.404255319148937e-06
3.9679999999999995, 5.2765957446808555e-06
3.97, 4.936170212765962e-06
3.972, 4.5957446808510676e-06
3.9739999999999998, 4.425531914893621e-06
3.9759999999999995, 4.212765957446807e-06
3.978, 4.042553191489361e-06
3.98, 3.9148936170212805e-06
3.9819999999999998, 3.8723404255319136e-06
3.9839999999999995, 3.829787234042557e-06
3.986, 3.7446808510638333e-06
3.988, 3.6595744680851097e-06
3.9899999999999998, 3.617021276595743e-06
3.9919999999999995, 3.574468085106386e-06
3.994, 3.5319148936170196e-06
3.996, 3.446808510638296e-06
3.9979999999999998, 3.446808510638296e-06
3.9999999999999996, 3.361702127659573e-06
4.002000000000001, 3.446808510638296e-06
4.0040000000000004, 3.4042553191489393e-06
4.006, 3.4042553191489393e-06
4.008, 3.3191489361702157e-06
4.010000000000001, 3.2765957446808492e-06
4.0120000000000005, 3.2765957446808492e-06
4.014, 3.2765957446808492e-06
4.016, 3.3191489361702157e-06
4.018000000000001, 3.2765957446808492e-06
4.0200000000000005, 3.234042553191492e-06
4.022, 3.2765957446808492e-06
4.024, 3.234042553191492e-06
4.026000000000001, 3.234042553191492e-06
4.0280000000000005, 3.2765957446808492e-06
4.03, 3.1914893617021256e-06
4.032, 3.1914893617021256e-06
4.034000000000001, 3.148936170212769e-06
4.0360000000000005, 3.1914893617021256e-06
4.038, 3.1914893617021256e-06
4.04, 3.1914893617021256e-06
4.042000000000001, 3.1063829787234025e-06
4.0440000000000005, 3.148936170212769e-06
4.046, 3.148936170212769e-06
4.048, 3.1063829787234025e-06
4.050000000000001, 3.148936170212769e-06
4.0520000000000005, 3.1063829787234025e-06
4.054, 3.1063829787234025e-06
4.056, -1.8297872340425548e-06
4.058000000000001, -3.5319148936170196e-06
4.0600000000000005, -2.8085106382978703e-06
4.062, -1.8297872340425548e-06
4.064, -1.0638297872340435e-06
4.066000000000001, -2.553191489361704e-07
4.0680000000000005, 2.1276595744680397e-07
4.07, 5.957446808510643e-07
4.072, 8.936170212765919e-07
4.074000000000001, 1.1063829787234053e-06
4.0760000000000005, 1.3191489361702092e-06
4.078, 1.4893617021276562e-06
4.08, 1.617021276595746e-06
4.082000000000001, 1.7021276595744696e-06
4.0840000000000005, 1.7446808510638266e-06
4.086, 1.787234042553193e-06
4.088, 1.9148936170212738e-06
4.090000000000001, 1.9148936170212738e-06
4.0920000000000005, 1.9148936170212738e-06
4.094, 1.999999999999997e-06
4.096, 2.0425531914893634e-06
4.098000000000001, 2.0851063829787205e-06
4.1000000000000005, 2.0851063829787205e-06
4.102, 2.170212765957444e-06
4.104, 2.2127659574468106e-06
4.106000000000001, 2.2127659574468106e-06
4.1080000000000005, 2.2127659574468106e-06
4.11, 2.2553191489361673e-06
4.112, 2.2127659574468106e-06
4.114000000000001, 2.2978723404255338e-06
4.1160000000000005, 2.2553191489361673e-06
4.118, 2.340425531914891e-06
4.12, 2.340425531914891e-06
4.122000000000001, 2.340425531914891e-06
4.1240000000000006, 2.340425531914891e-06
4.126, 2.2978723404255338e-06
4.128, 2.340425531914891e-06
4.130000000000001, 2.340425531914891e-06
4.132000000000001, 2.340425531914891e-06
4.134, 2.3829787234042574e-06
4.136, 2.340425531914891e-06
4.138000000000001, 2.3829787234042574e-06
4.140000000000001, 2.3829787234042574e-06
4.142, 2.3829787234042574e-06
4.144, 2.3829787234042574e-06
4.146000000000001, 2.3829787234042574e-06
4.148000000000001, 2.3829787234042574e-06
4.15, 2.4255319148936145e-06
4.152, 2.3829787234042574e-06
4.154000000000001, 2.4255319148936145e-06
4.156000000000001, 2.4255319148936145e-06
4.158, 2.468085106382981e-06
4.16, 2.468085106382981e-06
4.162000000000001, 2.4255319148936145e-06
4.164000000000001, 2.468085106382981e-06
4.166, 2.468085106382981e-06
4.168, 2.4255319148936145e-06
4.17, 2.4255319148936145e-06
4.172000000000001, 2.468085106382981e-06
4.174, 2.4255319148936145e-06
4.176, 2.468085106382981e-06
4.178, 2.4255319148936145e-06
4.180000000000001, 2.4255319148936145e-06
4.182, 2.4255319148936145e-06
4.184, 2.468085106382981e-06
4.186, 2.4255319148936145e-06
4.188000000000001, 2.510638297872338e-06
4.19, 2.468085106382981e-06
4.192, 2.468085106382981e-06
4.194, 2.510638297872338e-06
4.196000000000001, 2.510638297872338e-06
4.198, 2.468085106382981e-06
4.2, 2.468085106382981e-06
4.202, 2.510638297872338e-06
4.204000000000001, 2.510638297872338e-06
4.206, 2.468085106382981e-06
4.208, 2.5531914893617046e-06
4.21, 2.510638297872338e-06
4.212000000000001, 2.468085106382981e-06
4.214, 2.510638297872338e-06
4.216, 2.510638297872338e-06
4.218, 2.510638297872338e-06
4.220000000000001, 2.468085106382981e-06
4.222, 2.510638297872338e-06
4.224, 2.510638297872338e-06
4.226, 2.5531914893617046e-06
4.228000000000001, 2.510638297872338e-06
4.23, 2.510638297872338e-06
4.232, 2.510638297872338e-06
4.234, 2.510638297872338e-06
4.236000000000001, 2.510638297872338e-06
4.238, 2.5957446808510613e-06
4.24, 2.5957446808510613e-06
4.242, 2.5531914893617046e-06
4.244000000000001, 2.5531914893617046e-06
4.246, 2.5531914893617046e-06
4.248, 2.510638297872338e-06
4.25, 2.5957446808510613e-06
4.252000000000001, 2.5531914893617046e-06
4.2540000000000004, 2.5531914893617046e-06
4.256, 2.510638297872338e-06
4.258, 2.5531914893617046e-06
4.260000000000001, 2.510638297872338e-06
4.2620000000000005, 2.510638297872338e-06
4.264, 2.5531914893617046e-06
4.266, 2.510638297872338e-06
4.268000000000001, 2.510638297872338e-06
4.2700000000000005, 2.510638297872338e-06
4.272, 2.5957446808510613e-06
4.274, 2.5531914893617046e-06
4.276000000000001, 2.510638297872338e-06
4.2780000000000005, 2.510638297872338e-06
4.28, 2.510638297872338e-06
4.282, 2.5531914893617046e-06
4.284000000000001, 2.5531914893617046e-06
4.2860000000000005, 2.5531914893617046e-06
4.288, 2.510638297872338e-06
4.29, 2.5531914893617046e-06
4.292000000000001, 2.5531914893617046e-06
4.2940000000000005, 2.5531914893617046e-06
4.296, 2.510638297872338e-06
4.298, 2.510638297872338e-06
4.300000000000001, 2.510638297872338e-06
4.3020000000000005, 2.5531914893617046e-06
4.304, 2.5957446808510613e-06
4.306, 2.5531914893617046e-06
4.308000000000001, 2.510638297872338e-06
4.3100000000000005, 2.510638297872338e-06
4.312, 2.510638297872338e-06
4.314, 2.5531914893617046e-06
4.316000000000001, 2.5531914893617046e-06
4.3180000000000005, 2.5531914893617046e-06
4.32, 2.5531914893617046e-06
4.322, 2.5957446808510613e-06
4.324000000000001, 2.5957446808510613e-06
4.3260000000000005, 2.5531914893617046e-06
4.328, 2.5531914893617046e-06
4.33, 2.5531914893617046e-06
4.332000000000001, 2.5531914893617046e-06
4.3340000000000005, 2.6382978723404277e-06
4.336, 2.510638297872338e-06
4.338, 2.5957446808510613e-06
4.340000000000001, 2.5957446808510613e-06
4.3420000000000005, 2.680851063829785e-06
4.344, 2.5531914893617046e-06
4.346, 2.510638297872338e-06
4.348000000000001, 2.510638297872338e-06
4.3500000000000005, 2.5531914893617046e-06
4.352, 2.510638297872338e-06
4.354, 2.5957446808510613e-06
4.356000000000001, 2.510638297872338e-06
4.3580000000000005, 2.6382978723404277e-06
4.36, 2.5531914893617046e-06
4.362, 2.5957446808510613e-06
4.364000000000001, 2.5531914893617046e-06
4.3660000000000005, 2.5531914893617046e-06
4.368, 2.5531914893617046e-06
4.37, 2.5957446808510613e-06
4.372000000000001, 2.5531914893617046e-06
4.3740000000000006, 2.5531914893617046e-06
4.376, 2.5531914893617046e-06
4.378, 2.5957446808510613e-06
4.380000000000001, 2.5531914893617046e-06
4.382000000000001, 2.5957446808510613e-06
4.384, 2.5531914893617046e-06
4.386, 2.5957446808510613e-06
4.388000000000001, 2.5957446808510613e-06
4.390000000000001, 2.5957446808510613e-06
4.392, 2.5957446808510613e-06
4.394, 2.5531914893617046e-06
4.396000000000001, 2.510638297872338e-06
4.398000000000001, 2.5531914893617046e-06
4.4, 2.5957446808510613e-06
4.402, 2.5957446808510613e-06
4.404000000000001, 2.5957446808510613e-06
4.406000000000001, 2.5531914893617046e-06
4.408, 2.5957446808510613e-06
4.41, 2.510638297872338e-06
4.412000000000001, 2.510638297872338e-06
4.414000000000001, 2.5957446808510613e-06
4.416, 2.5531914893617046e-06
4.418, 2.5531914893617046e-06
4.42, 2.5531914893617046e-06
4.422000000000001, 2.5957446808510613e-06
4.424, 2.5957446808510613e-06
4.426, 2.5531914893617046e-06
4.428, 2.5957446808510613e-06
4.430000000000001, 2.5531914893617046e-06
4.432, 2.5957446808510613e-06
4.434, 2.5957446808510613e-06
4.436, 2.6382978723404277e-06
4.438000000000001, 2.5957446808510613e-06
4.44, 2.5957446808510613e-06
4.442, 2.5957446808510613e-06
4.444, 2.5957446808510613e-06
4.446000000000001, 2.5957446808510613e-06
4.448, 2.5531914893617046e-06
4.45, 2.5531914893617046e-06
4.452, 2.5531914893617046e-06
4.454000000000001, 2.5531914893617046e-06
4.456, 5.404255319148937e-06
4.458, 5.404255319148937e-06
4.46, 5.404255319148937e-06
4.462000000000001, 5.404255319148937e-06
4.464, 5.404255319148937e-06
4.466, 5.404255319148937e-06
4.468, 5.2765957446808555e-06
4.470000000000001, 4.893617021276595e-06
4.472, 4.638297872340425e-06
4.474, 4.382978723404254e-06
4.476, 4.212765957446807e-06
4.478000000000001, 4.042553191489361e-06
4.48, 3.957446808510637e-06
4.482, 3.829787234042557e-06
4.484, 3.7446808510638333e-06
4.486000000000001, 3.702127659574467e-06
4.488, 3.702127659574467e-06
4.49, 3.574468085106386e-06
4.492, 3.574468085106386e-06
4.494000000000001, 3.4893617021276625e-06
4.496, 3.446808510638296e-06