0 -0.025
1.99999 -0.025
2.0 0.0
2.0083233333333332 0.0
2.0083333333333333 -0.05
2.0166566666666665 -0.05
2.0166666666666666 -0.001
2.02499 -0.001
2.025 -0.051
2.033323333333333 -0.051
2.033333333333333 -0.002
2.0416566666666665 -0.002
2.0416666666666665 -0.052
2.0499899999999998 -0.052
2.05 -0.003
2.058323333333333 -0.003
2.058333333333333 -0.053
2.0666566666666664 -0.053
2.0666666666666664 -0.004
2.0749899999999997 -0.004
2.0749999999999997 -0.054
2.083323333333333 -0.054
2.083333333333333 -0.005
2.0916566666666663 -0.005
2.0916666666666663 -0.055
2.0999899999999996 -0.055
2.0999999999999996 -0.006
2.108323333333333 -0.006
2.108333333333333 -0.056
2.116656666666666 -0.056
2.1166666666666663 -0.007
2.1249899999999995 -0.007
2.1249999999999996 -0.057
2.133323333333333 -0.057
2.133333333333333 -0.008
2.141656666666666 -0.008
2.141666666666666 -0.058
2.1499899999999994 -0.058
2.1499999999999995 -0.009
2.1583233333333327 -0.009
2.1583333333333328 -0.059
2.166656666666666 -0.059
2.166666666666666 -0.01
2.1749899999999993 -0.01
2.1749999999999994 -0.06
2.1833233333333326 -0.06
2.1833333333333327 -0.011
2.191656666666666 -0.011
2.191666666666666 -0.061
2.1999899999999992 -0.061
2.1999999999999993 -0.012
2.2083233333333325 -0.012
2.2083333333333326 -0.062
2.216656666666666 -0.062
2.216666666666666 -0.013
2.224989999999999 -0.013
2.224999999999999 -0.063
2.2333233333333324 -0.063
2.2333333333333325 -0.014
2.2416566666666657 -0.014
2.241666666666666 -0.064
2.249989999999999 -0.064
2.249999999999999 -0.015
2.2583233333333324 -0.015
2.2583333333333324 -0.065
2.2666566666666657 -0.065
2.2666666666666657 -0.016
2.274989999999999 -0.016
2.274999999999999 -0.066
2.2833233333333323 -0.066
2.2833333333333323 -0.017
2.2916566666666656 -0.017
2.2916666666666656 -0.067
2.299989999999999 -0.067
2.299999999999999 -0.018
2.308323333333332 -0.018
2.3083333333333322 -0.068
2.3166566666666655 -0.068
2.3166666666666655 -0.019
2.324989999999999 -0.019
2.324999999999999 -0.069
2.333323333333332 -0.069
2.333333333333332 -0.02
2.3416566666666654 -0.02
2.3416666666666655 -0.07
2.3499899999999987 -0.07
2.3499999999999988 -0.021
2.358323333333332 -0.021
2.358333333333332 -0.071
2.3666566666666653 -0.071
2.3666666666666654 -0.022
2.3749899999999986 -0.022
2.3749999999999987 -0.072
2.383323333333332 -0.072
2.383333333333332 -0.023
2.391656666666665 -0.023
2.3916666666666653 -0.073
2.3999899999999985 -0.073
2.3999999999999986 -0.024
2.408323333333332 -0.024
2.408333333333332 -0.074
2.416656666666665 -0.074
2.416666666666665 -0.025
2.4249899999999984 -0.025
2.4249999999999985 -0.075
2.4333233333333317 -0.075
2.433333333333332 -0.026
2.441656666666665 -0.026
2.441666666666665 -0.076
2.4499899999999983 -0.076
2.4499999999999984 -0.027
2.4583233333333316 -0.027
2.4583333333333317 -0.077
2.466656666666665 -0.077
2.466666666666665 -0.028
2.4749899999999982 -0.028
2.4749999999999983 -0.078
2.4833233333333316 -0.078
2.4833333333333316 -0.029
2.491656666666665 -0.029
2.491666666666665 -0.079
2.499989999999998 -0.079
2.4999999999999982 -0.03
2.5083233333333315 -0.03
2.5083333333333315 -0.08
2.5166566666666648 -0.08
2.516666666666665 -0.031
2.524989999999998 -0.031
2.524999999999998 -0.081
2.5333233333333314 -0.081
2.5333333333333314 -0.032
2.5416566666666647 -0.032
2.5416666666666647 -0.082
2.549989999999998 -0.082
2.549999999999998 -0.033
2.5583233333333313 -0.033
2.5583333333333313 -0.083
2.5666566666666646 -0.083
2.5666666666666647 -0.034
2.574989999999998 -0.034
2.574999999999998 -0.084
2.583323333333331 -0.084
2.5833333333333313 -0.035
2.5916566666666645 -0.035
2.5916666666666646 -0.085
2.599989999999998 -0.085
2.599999999999998 -0.036
2.608323333333331 -0.036
2.608333333333331 -0.086
2.6166566666666644 -0.086
2.6166666666666645 -0.037
2.6249899999999977 -0.037
2.624999999999998 -0.087
2.633323333333331 -0.087
2.633333333333331 -0.038
2.6416566666666643 -0.038
2.6416666666666644 -0.088
2.6499899999999976 -0.088
2.6499999999999977 -0.039
2.658323333333331 -0.039
2.658333333333331 -0.089
2.6666566666666642 -0.089
2.6666666666666643 -0.04
2.6749899999999975 -0.04
2.6749999999999976 -0.09
2.683323333333331 -0.09
2.683333333333331 -0.041
2.691656666666664 -0.041
2.691666666666664 -0.091
2.6999899999999974 -0.091
2.6999999999999975 -0.042
2.7083233333333308 -0.042
2.708333333333331 -0.092
2.716656666666664 -0.092
2.716666666666664 -0.043
2.7249899999999974 -0.043
2.7249999999999974 -0.093
2.7333233333333307 -0.093
2.7333333333333307 -0.044
2.741656666666664 -0.044
2.741666666666664 -0.094
2.7499899999999973 -0.094
2.7499999999999973 -0.045
2.7583233333333306 -0.045
2.7583333333333306 -0.095
2.766656666666664 -0.095
2.766666666666664 -0.046
2.774989999999997 -0.046
2.7749999999999972 -0.096
2.7833233333333305 -0.096
2.7833333333333306 -0.047
2.791656666666664 -0.047
2.791666666666664 -0.097
2.799989999999997 -0.097
2.799999999999997 -0.048
2.8083233333333304 -0.048
2.8083333333333305 -0.098
2.8166566666666637 -0.098
2.8166666666666638 -0.049
2.824989999999997 -0.049
2.824999999999997 -0.099
2.8333233333333303 -0.099
2.8333333333333304 -0.05
2.8416566666666636 -0.05
2.8416666666666637 -0.1
2.849989999999997 -0.1
2.849999999999997 -0.051
2.85832333333333 -0.051
2.8583333333333303 -0.101
2.8666566666666635 -0.101
2.8666666666666636 -0.052
2.874989999999997 -0.052
2.874999999999997 -0.102
2.88332333333333 -0.102
2.88333333333333 -0.053
2.8916566666666634 -0.053
2.8916666666666635 -0.103
2.8999899999999967 -0.103
2.899999999999997 -0.054
2.90832333333333 -0.054
2.90833333333333 -0.104
2.9166566666666633 -0.104
2.9166666666666634 -0.055
2.9249899999999966 -0.055
2.9249999999999967 -0.105
2.93332333333333 -0.105
2.93333333333333 -0.056
2.9416566666666633 -0.056
2.9416666666666633 -0.106
2.9499899999999966 -0.106
2.9499999999999966 -0.057
2.95832333333333 -0.057
2.95833333333333 -0.107
2.966656666666663 -0.107
2.9666666666666632 -0.058
2.9749899999999965 -0.058
2.9749999999999965 -0.108
2.9833233333333298 -0.108
2.98333333333333 -0.059
2.991656666666663 -0.059
2.991666666666663 -0.109
2.9999899999999964 -0.109
2.9999999999999964 -0.06
3.0083233333333297 -0.06
3.0083333333333298 -0.11
3.016656666666663 -0.11
3.016666666666663 -0.061
3.0249899999999963 -0.061
3.0249999999999964 -0.111
3.0333233333333296 -0.111
3.0333333333333297 -0.062
3.041656666666663 -0.062
3.041666666666663 -0.112
3.049989999999996 -0.112
3.0499999999999963 -0.063
3.0583233333333295 -0.063
3.0583333333333296 -0.113
3.066656666666663 -0.113
3.066666666666663 -0.064
3.074989999999996 -0.064
3.074999999999996 -0.114
3.0833233333333294 -0.114
3.0833333333333295 -0.065
3.0916566666666627 -0.065
3.091666666666663 -0.115
3.099989999999996 -0.115
3.099999999999996 -0.066
3.1083233333333293 -0.066
3.1083333333333294 -0.116
3.1166566666666626 -0.116
3.1166666666666627 -0.067
3.124989999999996 -0.067
3.124999999999996 -0.117
3.1333233333333292 -0.117
3.1333333333333293 -0.068
3.1416566666666625 -0.068
3.1416666666666626 -0.118
3.149989999999996 -0.118
3.149999999999996 -0.069
3.158323333333329 -0.069
3.158333333333329 -0.119
3.1666566666666625 -0.119
3.1666666666666625 -0.07
3.1749899999999958 -0.07
3.174999999999996 -0.12
3.183323333333329 -0.12
3.183333333333329 -0.071
3.1916566666666624 -0.071
3.1916666666666624 -0.121
3.1999899999999957 -0.121
3.1999999999999957 -0.072
3.208323333333329 -0.072
3.208333333333329 -0.122
3.2166566666666623 -0.122
3.2166666666666623 -0.073
3.2249899999999956 -0.073
3.2249999999999956 -0.123
3.233323333333329 -0.123
3.233333333333329 -0.074
3.241656666666662 -0.074
3.2416666666666623 -0.124
3.2499899999999955 -0.124
3.2499999999999956 -0.075
3.258323333333329 -0.075
3.258333333333329 -0.125
3.266656666666662 -0.125
3.266666666666662 -0.076
3.2749899999999954 -0.076
3.2749999999999955 -0.126
3.2833233333333287 -0.126
3.2833333333333288 -0.077
3.291656666666662 -0.077
3.291666666666662 -0.127
3.2999899999999953 -0.127
3.2999999999999954 -0.078
3.3083233333333286 -0.078
3.3083333333333287 -0.128
3.316656666666662 -0.128
3.316666666666662 -0.079
3.3249899999999952 -0.079
3.3249999999999953 -0.129
3.3333233333333285 -0.129
3.3333333333333286 -0.08
3.341656666666662 -0.08
3.341666666666662 -0.13
3.349989999999995 -0.13
3.349999999999995 -0.081
3.3583233333333284 -0.081
3.3583333333333285 -0.131
3.3666566666666617 -0.131
3.366666666666662 -0.082
3.374989999999995 -0.082
3.374999999999995 -0.132
3.3833233333333284 -0.132
3.3833333333333284 -0.083
3.3916566666666617 -0.083
3.3916666666666617 -0.133
3.399989999999995 -0.133
3.399999999999995 -0.084
3.4083233333333283 -0.084
3.4083333333333283 -0.134
3.4166566666666616 -0.134
3.4166666666666616 -0.085
3.424989999999995 -0.085
3.424999999999995 -0.135
3.433323333333328 -0.135
3.4333333333333282 -0.086
3.4416566666666615 -0.086
3.4416666666666615 -0.136
3.449989999999995 -0.136
3.449999999999995 -0.087
3.458323333333328 -0.087
3.458333333333328 -0.137
3.4666566666666614 -0.137
3.4666666666666615 -0.088
3.4749899999999947 -0.088
3.4749999999999948 -0.138
3.483323333333328 -0.138
3.483333333333328 -0.089
3.4916566666666613 -0.089
3.4916666666666614 -0.139
3.4999899999999946 -0.139
3.4999999999999947 -0.09
3.508323333333328 -0.09
3.508333333333328 -0.14
3.516656666666661 -0.14
3.5166666666666613 -0.091
3.5249899999999945 -0.091
3.5249999999999946 -0.141
3.533323333333328 -0.141
3.533333333333328 -0.092
3.541656666666661 -0.092
3.541666666666661 -0.142
3.5499899999999944 -0.142
3.5499999999999945 -0.093
3.5583233333333277 -0.093
3.558333333333328 -0.143
3.566656666666661 -0.143
3.566666666666661 -0.094
3.5749899999999943 -0.094
3.5749999999999944 -0.144
3.5833233333333276 -0.144
3.5833333333333277 -0.095
3.591656666666661 -0.095
3.591666666666661 -0.145
3.5999899999999943 -0.145
3.5999999999999943 -0.096
3.6083233333333276 -0.096
3.6083333333333276 -0.146
3.616656666666661 -0.146
3.616666666666661 -0.097
3.624989999999994 -0.097
3.6249999999999942 -0.147
3.6333233333333275 -0.147
3.6333333333333275 -0.098
3.6416566666666608 -0.098
3.641666666666661 -0.148
3.649989999999994 -0.148
3.649999999999994 -0.099
3.6583233333333274 -0.099
3.6583333333333274 -0.149
3.6666566666666607 -0.149
3.6666666666666607 -0.1
3.674989999999994 -0.1
3.674999999999994 -0.15
3.6833233333333273 -0.15
3.6833333333333274 -0.101
3.6916566666666606 -0.101
3.6916666666666607 -0.151
3.699989999999994 -0.151
3.699999999999994 -0.102
3.708323333333327 -0.102
3.7083333333333273 -0.152
3.7166566666666605 -0.152
3.7166666666666606 -0.103
3.724989999999994 -0.103
3.724999999999994 -0.153
3.733323333333327 -0.153
3.733333333333327 -0.104
3.7416566666666604 -0.104
3.7416666666666605 -0.154
3.7499899999999937 -0.154
3.749999999999994 -0.105
3.758323333333327 -0.105
3.758333333333327 -0.155
3.7666566666666603 -0.155
3.7666666666666604 -0.106
3.7749899999999936 -0.106
3.7749999999999937 -0.156
3.783323333333327 -0.156
3.783333333333327 -0.107
3.7916566666666602 -0.107
3.7916666666666603 -0.157
3.7999899999999935 -0.157
3.7999999999999936 -0.108
3.808323333333327 -0.108
3.808333333333327 -0.158
3.81665666666666 -0.158
3.81666666666666 -0.109
3.8249899999999935 -0.109
3.8249999999999935 -0.159
3.8333233333333268 -0.159
3.833333333333327 -0.11
3.84165666666666 -0.11
3.84166666666666 -0.16
3.8499899999999934 -0.16
3.8499999999999934 -0.111
3.8583233333333267 -0.111
3.8583333333333267 -0.161
3.86665666666666 -0.161
3.86666666666666 -0.112
3.8749899999999933 -0.112
3.8749999999999933 -0.162
3.8833233333333266 -0.162
3.8833333333333266 -0.113
3.89165666666666 -0.113
3.89166666666666 -0.163
3.899989999999993 -0.163
3.8999999999999932 -0.114
3.9083233333333265 -0.114
3.9083333333333266 -0.164
3.91665666666666 -0.164
3.91666666666666 -0.115
3.924989999999993 -0.115
3.924999999999993 -0.165
3.9333233333333264 -0.165
3.9333333333333265 -0.116
3.9416566666666597 -0.116
3.9416666666666598 -0.166
3.949989999999993 -0.166
3.949999999999993 -0.117
3.9583233333333263 -0.117
3.9583333333333264 -0.167
3.9666566666666596 -0.167
3.9666666666666597 -0.118
3.974989999999993 -0.118
3.974999999999993 -0.168
3.983323333333326 -0.168
3.9833333333333263 -0.119
3.9916566666666595 -0.119
3.9916666666666596 -0.169
3.999989999999993 -0.169
3.999999999999993 -0.12
4.008323333333327 -0.12
4.008333333333327 -0.17
4.016656666666661 -0.17
4.01666666666666 -0.121
4.0249899999999945 -0.121
4.024999999999994 -0.171
4.033323333333328 -0.171
4.033333333333328 -0.122
4.041656666666662 -0.122
4.041666666666662 -0.172
4.049989999999996 -0.172
4.049999999999995 -0.123
4.0583233333333295 -0.123
4.058333333333329 -0.173
4.066656666666663 -0.173
4.066666666666663 -0.124
4.074989999999997 -0.124
4.074999999999997 -0.174
4.083323333333331 -0.174
4.08333333333333 -0.125
4.0916566666666645 -0.125
4.091666666666664 -0.175
4.099989999999998 -0.175
4.099999999999998 -0.126
4.108323333333332 -0.126
4.108333333333332 -0.176
4.116656666666666 -0.176
4.116666666666665 -0.127
4.1249899999999995 -0.127
4.124999999999999 -0.177
4.133323333333333 -0.177
4.133333333333333 -0.128
4.141656666666667 -0.128
4.141666666666667 -0.178
4.149990000000001 -0.178
4.15 -0.129
4.1583233333333345 -0.129
4.158333333333334 -0.179
4.166656666666668 -0.179
4.166666666666668 -0.13
4.174990000000002 -0.13
4.175000000000002 -0.18
4.183323333333336 -0.18
4.183333333333335 -0.131
4.1916566666666695 -0.131
4.191666666666669 -0.181
4.199990000000003 -0.181
4.200000000000003 -0.132
4.208323333333337 -0.132
4.208333333333337 -0.182
4.216656666666671 -0.182
4.21666666666667 -0.133
4.2249900000000045 -0.133
4.225000000000004 -0.183
4.233323333333338 -0.183
4.233333333333338 -0.134
4.241656666666672 -0.134
4.241666666666672 -0.184
4.249990000000006 -0.184
4.250000000000005 -0.135
4.2583233333333395 -0.135
4.258333333333339 -0.185
4.266656666666673 -0.185
4.266666666666673 -0.136
4.274990000000007 -0.136
4.275000000000007 -0.186
4.283323333333341 -0.186
4.28333333333334 -0.137
4.2916566666666744 -0.137
4.291666666666674 -0.187
4.299990000000008 -0.187
4.300000000000008 -0.138
4.308323333333342 -0.138
4.308333333333342 -0.188
4.316656666666676 -0.188
4.316666666666675 -0.139
4.324990000000009 -0.139
4.325000000000009 -0.189
4.333323333333343 -0.189
4.333333333333343 -0.14
4.341656666666677 -0.14
4.3416666666666766 -0.19
4.349990000000011 -0.19
4.35000000000001 -0.141
4.358323333333344 -0.141
4.358333333333344 -0.191
4.366656666666678 -0.191
4.366666666666678 -0.142
4.374990000000012 -0.142
4.3750000000000115 -0.192
4.383323333333346 -0.192
4.383333333333345 -0.143
4.391656666666679 -0.143
4.391666666666679 -0.193
4.399990000000013 -0.193
4.400000000000013 -0.144
4.408323333333347 -0.144
4.4083333333333465 -0.194
4.416656666666681 -0.194
4.41666666666668 -0.145
4.424990000000014 -0.145
4.425000000000014 -0.195
4.433323333333348 -0.195
4.433333333333348 -0.146
4.441656666666682 -0.146
4.4416666666666815 -0.196
4.449990000000016 -0.196
4.450000000000015 -0.147
4.458323333333349 -0.147
4.458333333333349 -0.197
4.466656666666683 -0.197
4.466666666666683 -0.148
4.474990000000017 -0.148
4.4750000000000165 -0.198
4.483323333333351 -0.198
4.48333333333335 -0.149
4.491656666666684 -0.149
4.491666666666684 -0.199
4.499990000000018 -0.199
4.500000000000018 -0.15
4.508323333333352 -0.15
4.5083333333333515 -0.2
4.516656666666686 -0.2
4.516666666666685 -0.151
4.524990000000019 -0.151
4.525000000000019 -0.201
4.533323333333353 -0.201
4.533333333333353 -0.152
4.541656666666687 -0.152
4.5416666666666865 -0.202
4.549990000000021 -0.202
4.55000000000002 -0.153
4.558323333333354 -0.153
4.558333333333354 -0.203
4.566656666666688 -0.203
4.566666666666688 -0.154
4.574990000000022 -0.154
4.5750000000000215 -0.204
4.583323333333356 -0.204
4.583333333333355 -0.155
4.591656666666689 -0.155
4.591666666666689 -0.205
4.599990000000023 -0.205
4.600000000000023 -0.156
4.608323333333357 -0.156
4.6083333333333565 -0.206
4.616656666666691 -0.206
4.61666666666669 -0.157
4.624990000000024 -0.157
4.625000000000024 -0.207
4.633323333333358 -0.207
4.633333333333358 -0.158
4.641656666666692 -0.158
4.6416666666666915 -0.208
4.649990000000026 -0.208
4.650000000000025 -0.159
4.658323333333359 -0.159
4.658333333333359 -0.209
4.666656666666693 -0.209
4.666666666666693 -0.16
4.674990000000027 -0.16
4.6750000000000265 -0.21
4.683323333333361 -0.21
4.68333333333336 -0.161
4.691656666666694 -0.161
4.691666666666694 -0.211
4.699990000000028 -0.211
4.700000000000028 -0.162
4.708323333333362 -0.162
4.7083333333333615 -0.212
4.716656666666696 -0.212
4.716666666666695 -0.163
4.724990000000029 -0.163
4.725000000000029 -0.213
4.733323333333363 -0.213
4.733333333333363 -0.164
4.741656666666697 -0.164
4.7416666666666965 -0.214
4.749990000000031 -0.214
4.75000000000003 -0.165
4.758323333333364 -0.165
4.758333333333364 -0.215
4.766656666666698 -0.215
4.766666666666698 -0.166
4.774990000000032 -0.166
4.775000000000031 -0.216
4.783323333333366 -0.216
4.783333333333365 -0.167
4.791656666666699 -0.167
4.791666666666699 -0.217
4.799990000000033 -0.217
4.800000000000033 -0.168
4.808323333333367 -0.168
4.808333333333366 -0.218
4.816656666666701 -0.218
4.8166666666667 -0.169
4.824990000000034 -0.169
4.825000000000034 -0.219
4.833323333333368 -0.219
4.833333333333368 -0.17
4.841656666666702 -0.17
4.841666666666701 -0.22
4.8499900000000356 -0.22
4.850000000000035 -0.171
4.858323333333369 -0.171
4.858333333333369 -0.221
4.866656666666703 -0.221
4.866666666666703 -0.172
4.874990000000037 -0.172
4.875000000000036 -0.222
4.8833233333333705 -0.222
4.88333333333337 -0.173
4.891656666666704 -0.173
4.891666666666704 -0.223
4.899990000000038 -0.223
4.900000000000038 -0.174
4.908323333333372 -0.174
4.908333333333371 -0.224
4.9166566666667055 -0.224
4.916666666666705 -0.175
4.924990000000039 -0.175
4.925000000000039 -0.225
4.933323333333373 -0.225
4.933333333333373 -0.176
4.941656666666707 -0.176
4.941666666666706 -0.226
4.9499900000000405 -0.226
4.95000000000004 -0.177
4.958323333333374 -0.177
4.958333333333374 -0.227
4.966656666666708 -0.227
4.966666666666708 -0.178
4.974990000000042 -0.178
4.975000000000041 -0.228
4.9833233333333755 -0.228
4.983333333333375 -0.179
4.991656666666709 -0.179
4.991666666666709 -0.229
4.999990000000043 -0.229
5.000000000000043 -0.18
5.008323333333377 -0.18
5.008333333333376 -0.23
5.0166566666667105 -0.23
5.01666666666671 -0.181
5.024990000000044 -0.181
5.025000000000044 -0.231
5.033323333333378 -0.231
5.033333333333378 -0.182
5.041656666666712 -0.182
5.041666666666711 -0.232
5.0499900000000455 -0.232
5.050000000000045 -0.183
5.058323333333379 -0.183
5.058333333333379 -0.233
5.066656666666713 -0.233
5.066666666666713 -0.184
5.074990000000047 -0.184
5.075000000000046 -0.234
5.0833233333333805 -0.234
5.08333333333338 -0.185
5.091656666666714 -0.185
5.091666666666714 -0.235
5.099990000000048 -0.235
5.100000000000048 -0.186
5.108323333333382 -0.186
5.108333333333381 -0.236
5.1166566666667155 -0.236
5.116666666666715 -0.187
5.124990000000049 -0.187
5.125000000000049 -0.237
5.133323333333383 -0.237
5.133333333333383 -0.188
5.141656666666717 -0.188
5.141666666666716 -0.238
5.1499900000000505 -0.238
5.15000000000005 -0.189
5.158323333333384 -0.189
5.158333333333384 -0.239
5.166656666666718 -0.239
5.166666666666718 -0.19
5.174990000000052 -0.19
5.175000000000051 -0.24
5.1833233333333855 -0.24
5.183333333333385 -0.191
5.191656666666719 -0.191
5.191666666666719 -0.241
5.199990000000053 -0.241
5.200000000000053 -0.192
5.208323333333387 -0.192
5.208333333333386 -0.242
5.2166566666667205 -0.242
5.21666666666672 -0.193
5.224990000000054 -0.193
5.225000000000054 -0.243
5.233323333333388 -0.243
5.233333333333388 -0.194
5.241656666666722 -0.194
5.241666666666721 -0.244
5.2499900000000554 -0.244
5.250000000000055 -0.195
5.258323333333389 -0.195
5.258333333333389 -0.245
5.266656666666723 -0.245
5.266666666666723 -0.196
5.274990000000057 -0.196
5.275000000000056 -0.246
5.28332333333339 -0.246
5.28333333333339 -0.197
5.291656666666724 -0.197
5.291666666666724 -0.247
5.299990000000058 -0.247
5.3000000000000576 -0.198
5.308323333333392 -0.198
5.308333333333391 -0.248
5.316656666666725 -0.248
5.316666666666725 -0.199
5.324990000000059 -0.199
5.325000000000059 -0.249
5.333323333333393 -0.249
5.3333333333333925 -0.2
5.341656666666727 -0.2
5.341666666666726 -0.25
5.34999000000006 -0.25
5.35000000000006 -0.201
5.358323333333394 -0.201
5.358333333333394 -0.251
5.366656666666728 -0.251
5.3666666666667275 -0.202
5.374990000000062 -0.202
5.375000000000061 -0.252
5.383323333333395 -0.252
5.383333333333395 -0.203
5.391656666666729 -0.203
5.391666666666729 -0.253
5.399990000000063 -0.253
5.4000000000000625 -0.204
5.408323333333397 -0.204
5.408333333333396 -0.254
5.41665666666673 -0.254
5.41666666666673 -0.205
5.424990000000064 -0.205
5.425000000000064 -0.255
5.433323333333398 -0.255
5.4333333333333975 -0.206
5.441656666666732 -0.206
5.441666666666731 -0.256
5.449990000000065 -0.256
5.450000000000065 -0.207
5.458323333333399 -0.207
5.458333333333399 -0.257
5.466656666666733 -0.257
5.4666666666667325 -0.208
5.474990000000067 -0.208
5.475000000000066 -0.258
5.4833233333334 -0.258
5.4833333333334 -0.209
5.491656666666734 -0.209
5.491666666666734 -0.259
5.499990000000068 -0.259
5.5000000000000675 -0.21
5.508323333333402 -0.21
5.508333333333401 -0.26
5.516656666666735 -0.26
5.516666666666735 -0.211
5.524990000000069 -0.211
5.525000000000069 -0.261
5.533323333333403 -0.261
5.5333333333334025 -0.212
5.541656666666737 -0.212
5.541666666666736 -0.262
5.54999000000007 -0.262
5.55000000000007 -0.213
5.558323333333404 -0.213
5.558333333333404 -0.263
5.566656666666738 -0.263
5.5666666666667375 -0.214
5.574990000000072 -0.214
5.575000000000071 -0.264
5.583323333333405 -0.264
5.583333333333405 -0.215
5.591656666666739 -0.215
5.591666666666739 -0.265
5.599990000000073 -0.265
5.6000000000000725 -0.216
5.608323333333407 -0.216
5.608333333333406 -0.266
5.61665666666674 -0.266
5.61666666666674 -0.217
5.624990000000074 -0.217
5.625000000000074 -0.267
5.633323333333408 -0.267
5.6333333333334075 -0.218
5.641656666666742 -0.218
5.641666666666741 -0.268
5.649990000000075 -0.268
5.650000000000075 -0.219
5.658323333333409 -0.219
5.658333333333409 -0.269
5.666656666666743 -0.269
5.6666666666667425 -0.22
5.674990000000077 -0.22
5.675000000000076 -0.27
5.68332333333341 -0.27
5.68333333333341 -0.221
5.691656666666744 -0.221
5.691666666666744 -0.271
5.699990000000078 -0.271
5.7000000000000774 -0.222
5.708323333333412 -0.222
5.708333333333411 -0.272
5.716656666666745 -0.272
5.716666666666745 -0.223
5.724990000000079 -0.223
5.725000000000079 -0.273
5.733323333333413 -0.273
5.733333333333412 -0.224
5.741656666666747 -0.224
5.741666666666746 -0.274
5.74999000000008 -0.274
5.75000000000008 -0.225
5.758323333333414 -0.225
5.758333333333414 -0.275
5.766656666666748 -0.275
5.766666666666747 -0.226
5.774990000000082 -0.226
5.775000000000081 -0.276
5.783323333333415 -0.276
5.783333333333415 -0.227
5.791656666666749 -0.227
5.791666666666749 -0.277
5.799990000000083 -0.277
5.800000000000082 -0.228
5.8083233333334165 -0.228
5.808333333333416 -0.278
5.81665666666675 -0.278
5.81666666666675 -0.229
5.824990000000084 -0.229
5.825000000000084 -0.279
5.833323333333418 -0.279
5.833333333333417 -0.23
5.8416566666667515 -0.23
5.841666666666751 -0.28
5.849990000000085 -0.28
5.850000000000085 -0.231
5.858323333333419 -0.231
5.858333333333419 -0.281
5.866656666666753 -0.281
5.866666666666752 -0.232
5.8749900000000865 -0.232
5.875000000000086 -0.282
5.88332333333342 -0.282
5.88333333333342 -0.233
5.891656666666754 -0.233
5.891666666666754 -0.283
5.899990000000088 -0.283
5.900000000000087 -0.234
5.9083233333334215 -0.234
5.908333333333421 -0.284
5.916656666666755 -0.284
5.916666666666755 -0.235
5.924990000000089 -0.235
5.925000000000089 -0.285
5.933323333333423 -0.285
5.933333333333422 -0.236
5.9416566666667565 -0.236
5.941666666666756 -0.286
5.94999000000009 -0.286
5.95000000000009 -0.237
5.958323333333424 -0.237
5.958333333333424 -0.287
5.966656666666758 -0.287
5.966666666666757 -0.238
5.9749900000000915 -0.238
5.975000000000091 -0.288
5.983323333333425 -0.288
5.983333333333425 -0.239
5.991656666666759 -0.239
5.991666666666759 -0.289
5.999990000000093 -0.289
6.000000000000092 -0.24
6.0083233333334265 -0.24
6.008333333333426 -0.29
6.01665666666676 -0.29
6.01666666666676 -0.241
6.024990000000094 -0.241
6.025000000000094 -0.291
6.033323333333428 -0.291
6.033333333333427 -0.242
6.0416566666667615 -0.242
6.041666666666761 -0.292
6.049990000000095 -0.292
6.050000000000095 -0.243
6.058323333333429 -0.243
6.058333333333429 -0.293
6.066656666666763 -0.293
6.066666666666762 -0.244
6.0749900000000965 -0.244
6.075000000000096 -0.294
6.08332333333343 -0.294
6.08333333333343 -0.245
6.091656666666764 -0.245
6.091666666666764 -0.295
6.099990000000098 -0.295
6.100000000000097 -0.246
6.1083233333334315 -0.246
6.108333333333431 -0.296
6.116656666666765 -0.296
6.116666666666765 -0.247
6.124990000000099 -0.247
6.125000000000099 -0.297
6.133323333333433 -0.297
6.133333333333432 -0.248
6.1416566666667665 -0.248
6.141666666666766 -0.298
6.1499900000001 -0.298
6.1500000000001 -0.249
6.158323333333434 -0.249
6.158333333333434 -0.299
6.166656666666768 -0.299
6.166666666666767 -0.25
6.1749900000001015 -0.25
6.175000000000101 -0.3
6.183323333333435 -0.3
6.183333333333435 -0.251
6.191656666666769 -0.251
6.191666666666769 -0.301
6.199990000000103 -0.301
6.200000000000102 -0.252
6.2083233333334364 -0.252
6.208333333333436 -0.302
6.21665666666677 -0.302
6.21666666666677 -0.253
6.224990000000104 -0.253
6.225000000000104 -0.303
6.233323333333438 -0.303
6.233333333333437 -0.254
6.241656666666771 -0.254
6.241666666666771 -0.304
6.249990000000105 -0.304
6.250000000000105 -0.255
6.258323333333439 -0.255
6.2583333333334386 -0.305
6.266656666666773 -0.305
6.266666666666772 -0.256
6.274990000000106 -0.256
6.275000000000106 -0.306
6.28332333333344 -0.306
6.28333333333344 -0.257
6.291656666666774 -0.257
6.2916666666667735 -0.307
6.299990000000108 -0.307
6.300000000000107 -0.258
6.308323333333441 -0.258
6.308333333333441 -0.308
6.316656666666775 -0.308
6.316666666666775 -0.259
6.324990000000109 -0.259
6.3250000000001085 -0.309
6.333323333333443 -0.309
6.333333333333442 -0.26
6.341656666666776 -0.26
6.341666666666776 -0.31
6.34999000000011 -0.31
6.35000000000011 -0.261
6.358323333333444 -0.261
6.3583333333334435 -0.311
6.366656666666778 -0.311
6.366666666666777 -0.262
6.374990000000111 -0.262
6.375000000000111 -0.312
6.383323333333445 -0.312
6.383333333333445 -0.263
6.391656666666779 -0.263
6.3916666666667785 -0.313
6.399990000000113 -0.313
6.400000000000112 -0.264
6.408323333333446 -0.264
6.408333333333446 -0.314
6.41665666666678 -0.314
6.41666666666678 -0.265
6.424990000000114 -0.265
6.4250000000001135 -0.315
6.433323333333448 -0.315
6.433333333333447 -0.266
6.441656666666781 -0.266
6.441666666666781 -0.316
6.449990000000115 -0.316
6.450000000000115 -0.267
6.458323333333449 -0.267
6.4583333333334485 -0.317
6.466656666666783 -0.317
6.466666666666782 -0.268
6.474990000000116 -0.268
6.475000000000116 -0.318
6.48332333333345 -0.318
6.48333333333345 -0.269
6.491656666666784 -0.269
6.4916666666667835 -0.319
6.499990000000118 -0.319
6.500000000000117 -0.27
6.508323333333451 -0.27
6.508333333333451 -0.32
6.516656666666785 -0.32
6.516666666666785 -0.271
6.524990000000119 -0.271
6.5250000000001185 -0.321
6.533323333333453 -0.321
6.533333333333452 -0.272
6.541656666666786 -0.272
6.541666666666786 -0.322
6.54999000000012 -0.322
6.55000000000012 -0.273
6.558323333333454 -0.273
6.5583333333334535 -0.323
6.566656666666788 -0.323
6.566666666666787 -0.274
6.574990000000121 -0.274
6.575000000000121 -0.324
6.583323333333455 -0.324
6.583333333333455 -0.275
6.591656666666789 -0.275
6.5916666666667885 -0.325
6.599990000000123 -0.325
6.600000000000122 -0.276
6.608323333333456 -0.276
6.608333333333456 -0.326
6.61665666666679 -0.326
6.61666666666679 -0.277
6.624990000000124 -0.277
6.6250000000001235 -0.327
6.633323333333458 -0.327
6.633333333333457 -0.278
6.641656666666791 -0.278
6.641666666666791 -0.328
6.649990000000125 -0.328
6.650000000000125 -0.279
6.658323333333459 -0.279
6.6583333333334584 -0.329
6.666656666666793 -0.329
6.666666666666792 -0.28
6.674990000000126 -0.28
6.675000000000126 -0.33
6.68332333333346 -0.33
6.68333333333346 -0.281
6.691656666666794 -0.281
6.691666666666793 -0.331
6.699990000000128 -0.331
6.700000000000127 -0.282
6.708323333333461 -0.282
6.708333333333461 -0.332
6.716656666666795 -0.332
6.716666666666795 -0.283
6.724990000000129 -0.283
6.725000000000128 -0.333
6.733323333333463 -0.333
6.733333333333462 -0.284
6.741656666666796 -0.284
6.741666666666796 -0.334
6.74999000000013 -0.334
6.75000000000013 -0.285
6.758323333333464 -0.285
6.758333333333463 -0.335
6.7666566666667975 -0.335
6.766666666666797 -0.286
6.774990000000131 -0.286
6.775000000000131 -0.336
6.783323333333465 -0.336
6.783333333333465 -0.287
6.791656666666799 -0.287
6.791666666666798 -0.337
6.7999900000001325 -0.337
6.800000000000132 -0.288
6.808323333333466 -0.288
6.808333333333466 -0.338
6.8166566666668 -0.338
6.8166666666668 -0.289
6.824990000000134 -0.289
6.825000000000133 -0.339
6.8333233333334675 -0.339
6.833333333333467 -0.29
6.841656666666801 -0.29
6.841666666666801 -0.34
6.849990000000135 -0.34
6.850000000000135 -0.291
6.858323333333469 -0.291
6.858333333333468 -0.341
6.8666566666668025 -0.341
6.866666666666802 -0.292
6.874990000000136 -0.292
6.875000000000136 -0.342
6.88332333333347 -0.342
6.88333333333347 -0.293
6.891656666666804 -0.293
6.891666666666803 -0.343
6.8999900000001375 -0.343
6.900000000000137 -0.294
6.908323333333471 -0.294
6.908333333333471 -0.344
6.916656666666805 -0.344
6.916666666666805 -0.295
6.924990000000139 -0.295
6.925000000000138 -0.345
6.9333233333334725 -0.345
6.933333333333472 -0.296
6.941656666666806 -0.296
6.941666666666806 -0.346
6.94999000000014 -0.346
6.95000000000014 -0.297
6.958323333333474 -0.297
6.958333333333473 -0.347
6.9666566666668075 -0.347
6.966666666666807 -0.298
6.974990000000141 -0.298
6.975000000000141 -0.348
6.983323333333475 -0.348
6.983333333333475 -0.299
6.991656666666809 -0.299
6.991666666666808 -0.349
6.9999900000001425 -0.349
7.000000000000142 -0.3
7.008323333333476 -0.3
7.008333333333476 -0.35
7.01665666666681 -0.35
7.01666666666681 -0.301
7.024990000000144 -0.301
7.025000000000143 -0.351
7.0333233333334775 -0.351
7.033333333333477 -0.302
7.041656666666811 -0.302
7.041666666666811 -0.352
7.049990000000145 -0.352
7.050000000000145 -0.303
7.058323333333479 -0.303
7.058333333333478 -0.353
7.0666566666668125 -0.353
7.066666666666812 -0.304
7.074990000000146 -0.304
7.075000000000146 -0.354
7.08332333333348 -0.354
7.08333333333348 -0.305
7.091656666666814 -0.305
7.091666666666813 -0.355
7.0999900000001475 -0.355
7.100000000000147 -0.306
7.108323333333481 -0.306
7.108333333333481 -0.356
7.116656666666815 -0.356
7.116666666666815 -0.307
7.124990000000149 -0.307
7.125000000000148 -0.357
7.1333233333334825 -0.357
7.133333333333482 -0.308
7.141656666666816 -0.308
7.141666666666816 -0.358
7.14999000000015 -0.358
7.15000000000015 -0.309
7.158323333333484 -0.309
7.158333333333483 -0.359
7.166656666666817 -0.359
7.166666666666817 -0.31
7.174990000000151 -0.31
7.175000000000151 -0.36
7.183323333333485 -0.36
7.183333333333485 -0.311
7.191656666666819 -0.311
7.191666666666818 -0.361
7.199990000000152 -0.361
7.200000000000152 -0.312
7.208323333333486 -0.312
7.208333333333486 -0.362
7.21665666666682 -0.362
7.2166666666668196 -0.313
7.224990000000154 -0.313
7.225000000000153 -0.363
7.233323333333487 -0.363
7.233333333333487 -0.314
7.241656666666821 -0.314
7.241666666666821 -0.364
7.249990000000155 -0.364
7.2500000000001545 -0.315
7.258323333333489 -0.315
7.258333333333488 -0.365
7.266656666666822 -0.365
7.266666666666822 -0.316
7.274990000000156 -0.316
7.275000000000156 -0.366
7.28332333333349 -0.366
7.2833333333334895 -0.317
7.291656666666824 -0.317
7.291666666666823 -0.367
7.299990000000157 -0.367
7.300000000000157 -0.318
7.308323333333491 -0.318
7.308333333333491 -0.368
7.316656666666825 -0.368
7.3166666666668245 -0.319
7.324990000000159 -0.319
7.325000000000158 -0.369
7.333323333333492 -0.369
7.333333333333492 -0.32
7.341656666666826 -0.32
7.341666666666826 -0.37
7.34999000000016 -0.37
7.3500000000001595 -0.321
7.358323333333494 -0.321
7.358333333333493 -0.371
7.366656666666827 -0.371
7.366666666666827 -0.322
7.374990000000161 -0.322
7.375000000000161 -0.372
7.383323333333495 -0.372
7.3833333333334945 -0.323
7.391656666666829 -0.323
7.391666666666828 -0.373
7.399990000000162 -0.373
7.400000000000162 -0.324
7.408323333333496 -0.324
7.408333333333496 -0.374
7.41665666666683 -0.374
7.4166666666668295 -0.325
7.424990000000164 -0.325
7.425000000000163 -0.375
7.433323333333497 -0.375
7.433333333333497 -0.326
7.441656666666831 -0.326
7.441666666666831 -0.376
7.449990000000165 -0.376
7.4500000000001645 -0.327
7.458323333333499 -0.327
7.458333333333498 -0.377
7.466656666666832 -0.377
7.466666666666832 -0.328
7.474990000000166 -0.328
7.475000000000166 -0.378
7.4833233333335 -0.378
7.4833333333334995 -0.329
7.491656666666834 -0.329
7.491666666666833 -0.379
7.499990000000167 -0.379
7.500000000000167 -0.33
7.508323333333501 -0.33
7.508333333333501 -0.38
7.516656666666835 -0.38
7.5166666666668345 -0.331
7.524990000000169 -0.331
7.525000000000168 -0.381
7.533323333333502 -0.381
7.533333333333502 -0.332
7.541656666666836 -0.332
7.541666666666836 -0.382
7.54999000000017 -0.382
7.5500000000001695 -0.333
7.558323333333504 -0.333
7.558333333333503 -0.383
7.566656666666837 -0.383
7.566666666666837 -0.334
7.574990000000171 -0.334
7.575000000000171 -0.384
7.583323333333505 -0.384
7.5833333333335045 -0.335
7.591656666666839 -0.335
7.591666666666838 -0.385
7.599990000000172 -0.385
7.600000000000172 -0.336
7.608323333333506 -0.336
7.608333333333506 -0.386
7.61665666666684 -0.386
7.6166666666668394 -0.337
7.624990000000174 -0.337
7.625000000000173 -0.387
7.633323333333507 -0.387
7.633333333333507 -0.338
7.641656666666841 -0.338
7.641666666666841 -0.388
7.649990000000175 -0.388
7.650000000000174 -0.339
7.658323333333509 -0.339
7.658333333333508 -0.389
7.666656666666842 -0.389
7.666666666666842 -0.34
7.674990000000176 -0.34
7.675000000000176 -0.39
7.68332333333351 -0.39
7.683333333333509 -0.341
7.6916566666668436 -0.341
7.691666666666843 -0.391
7.699990000000177 -0.391
7.700000000000177 -0.342
7.708323333333511 -0.342
7.708333333333511 -0.392
7.716656666666845 -0.392
7.716666666666844 -0.343
7.7249900000001785 -0.343
7.725000000000178 -0.393
7.733323333333512 -0.393
7.733333333333512 -0.344
7.741656666666846 -0.344
7.741666666666846 -0.394
7.74999000000018 -0.394
7.750000000000179 -0.345
7.7583233333335135 -0.345
7.758333333333513 -0.395
7.766656666666847 -0.395
7.766666666666847 -0.346
7.774990000000181 -0.346
7.775000000000181 -0.396
7.783323333333515 -0.396
7.783333333333514 -0.347
7.7916566666668485 -0.347
7.791666666666848 -0.397
7.799990000000182 -0.397
7.800000000000182 -0.348
7.808323333333516 -0.348
7.808333333333516 -0.398
7.81665666666685 -0.398
7.816666666666849 -0.349
7.8249900000001835 -0.349
7.825000000000183 -0.399
7.833323333333517 -0.399
7.833333333333517 -0.35
7.841656666666851 -0.35
7.841666666666851 -0.4
7.849990000000185 -0.4
7.850000000000184 -0.351
7.8583233333335185 -0.351
7.858333333333518 -0.401
7.866656666666852 -0.401
7.866666666666852 -0.352
7.874990000000186 -0.352
7.875000000000186 -0.402
7.88332333333352 -0.402
7.883333333333519 -0.353
7.8916566666668535 -0.353
7.891666666666853 -0.403
7.899990000000187 -0.403
7.900000000000187 -0.354
7.908323333333521 -0.354
7.908333333333521 -0.404
7.916656666666855 -0.404
7.916666666666854 -0.355
7.9249900000001885 -0.355
7.925000000000188 -0.405
7.933323333333522 -0.405
7.933333333333522 -0.356
7.941656666666856 -0.356
7.941666666666856 -0.406
7.94999000000019 -0.406
7.950000000000189 -0.357
7.9583233333335235 -0.357
7.958333333333523 -0.407
7.966656666666857 -0.407
7.966666666666857 -0.358
7.974990000000191 -0.358
7.975000000000191 -0.408
7.983323333333525 -0.408
7.983333333333524 -0.359
7.9916566666668585 -0.359
7.991666666666858 -0.409
7.999990000000192 -0.409
8.000000000000192 -0.36
8.008323333333525 -0.36
8.008333333333525 -0.41
8.016656666666858 -0.41
8.016666666666858 -0.361
8.02499000000019 -0.361
8.02500000000019 -0.411
8.033323333333524 -0.411
8.033333333333523 -0.362
8.041656666666857 -0.362
8.041666666666856 -0.412
8.04999000000019 -0.412
8.050000000000189 -0.363
8.058323333333522 -0.363
8.058333333333522 -0.413
8.066656666666855 -0.413
8.066666666666855 -0.364
8.074990000000188 -0.364
8.075000000000188 -0.414
8.08332333333352 -0.414
8.08333333333352 -0.365
8.091656666666854 -0.365
8.091666666666853 -0.415
8.099990000000187 -0.415
8.100000000000186 -0.366
8.10832333333352 -0.366
8.108333333333519 -0.416
8.116656666666852 -0.416
8.116666666666852 -0.367
8.124990000000185 -0.367
8.125000000000185 -0.417
8.133323333333518 -0.417
8.133333333333518 -0.368
8.14165666666685 -0.368
8.14166666666685 -0.418
8.149990000000184 -0.418
8.150000000000183 -0.369
8.158323333333517 -0.369
8.158333333333516 -0.419
8.16665666666685 -0.419
8.166666666666849 -0.37
8.174990000000182 -0.37
8.175000000000182 -0.42
8.183323333333515 -0.42
8.183333333333515 -0.371
8.191656666666848 -0.371
8.191666666666848 -0.421
8.19999000000018 -0.421
8.20000000000018 -0.372
8.208323333333514 -0.372
8.208333333333513 -0.422
8.216656666666847 -0.422
8.216666666666846 -0.373
8.22499000000018 -0.373
8.225000000000179 -0.423
8.233323333333512 -0.423
8.233333333333512 -0.374
8.241656666666845 -0.374
8.241666666666845 -0.424
8.249990000000178 -0.424
8.250000000000178 -0.375
8.25832333333351 -0.375
8.25833333333351 -0.425
8.266656666666844 -0.425
8.266666666666843 -0.376
8.274990000000177 -0.376
8.275000000000176 -0.426
8.28332333333351 -0.426
8.283333333333509 -0.377
8.291656666666842 -0.377
8.291666666666842 -0.427
8.299990000000175 -0.427
8.300000000000175 -0.378
8.308323333333508 -0.378
8.308333333333508 -0.428
8.316656666666841 -0.428
8.31666666666684 -0.379
8.324990000000174 -0.379
8.325000000000173 -0.429
8.333323333333507 -0.429
8.333333333333506 -0.38
8.34165666666684 -0.38
8.341666666666839 -0.43
8.349990000000172 -0.43
8.350000000000172 -0.381
8.358323333333505 -0.381
8.358333333333505 -0.431
8.366656666666838 -0.431
8.366666666666838 -0.382
8.374990000000171 -0.382
8.37500000000017 -0.432
8.383323333333504 -0.432
8.383333333333503 -0.383
8.391656666666837 -0.383
8.391666666666836 -0.433
8.39999000000017 -0.433
8.400000000000169 -0.384
8.408323333333502 -0.384
8.408333333333502 -0.434
8.416656666666835 -0.434
8.416666666666835 -0.385
8.424990000000168 -0.385
8.425000000000168 -0.435
8.433323333333501 -0.435
8.4333333333335 -0.386
8.441656666666834 -0.386
8.441666666666833 -0.436
8.449990000000167 -0.436
8.450000000000166 -0.387
8.4583233333335 -0.387
8.4583333333335 -0.437
8.466656666666832 -0.437
8.466666666666832 -0.388
8.474990000000165 -0.388
8.475000000000165 -0.438
8.483323333333498 -0.438
8.483333333333498 -0.389
8.491656666666831 -0.389
8.49166666666683 -0.439
8.499990000000164 -0.439
8.500000000000163 -0.39
8.508323333333497 -0.39
8.508333333333496 -0.44
8.51665666666683 -0.44
8.51666666666683 -0.391
8.524990000000162 -0.391
8.525000000000162 -0.441
8.533323333333495 -0.441
8.533333333333495 -0.392
8.541656666666828 -0.392
8.541666666666828 -0.442
8.549990000000161 -0.442
8.55000000000016 -0.393
8.558323333333494 -0.393
8.558333333333493 -0.443
8.566656666666827 -0.443
8.566666666666826 -0.394
8.57499000000016 -0.394
8.57500000000016 -0.444
8.583323333333492 -0.444
8.583333333333492 -0.395
8.591656666666825 -0.395
8.591666666666825 -0.445
8.599990000000158 -0.445
8.600000000000158 -0.396
8.608323333333491 -0.396
8.60833333333349 -0.446
8.616656666666824 -0.446
8.616666666666823 -0.397
8.624990000000157 -0.397
8.625000000000156 -0.447
8.63332333333349 -0.447
8.63333333333349 -0.398
8.641656666666822 -0.398
8.641666666666822 -0.448
8.649990000000155 -0.448
8.650000000000155 -0.399
8.658323333333488 -0.399
8.658333333333488 -0.449
8.666656666666821 -0.449
8.66666666666682 -0.4
8.674990000000154 -0.4
8.675000000000153 -0.45
8.683323333333487 -0.45
8.683333333333486 -0.401
8.69165666666682 -0.401
8.69166666666682 -0.451
8.699990000000152 -0.451
8.700000000000152 -0.402
8.708323333333485 -0.402
8.708333333333485 -0.452
8.716656666666818 -0.452
8.716666666666818 -0.403
8.724990000000151 -0.403
8.72500000000015 -0.453
8.733323333333484 -0.453
8.733333333333483 -0.404
8.741656666666817 -0.404
8.741666666666816 -0.454
8.74999000000015 -0.454
8.75000000000015 -0.405
8.758323333333482 -0.405
8.758333333333482 -0.455
8.766656666666815 -0.455
8.766666666666815 -0.406
8.774990000000148 -0.406
8.775000000000148 -0.456
8.783323333333481 -0.456
8.78333333333348 -0.407
8.791656666666814 -0.407
8.791666666666814 -0.457
8.799990000000147 -0.457
8.800000000000146 -0.408
8.80832333333348 -0.408
8.80833333333348 -0.458
8.816656666666812 -0.458
8.816666666666812 -0.409
8.824990000000145 -0.409
8.825000000000145 -0.459
8.833323333333478 -0.459
8.833333333333478 -0.41
8.841656666666811 -0.41
8.84166666666681 -0.46
8.849990000000144 -0.46
8.850000000000144 -0.411
8.858323333333477 -0.411
8.858333333333476 -0.461
8.86665666666681 -0.461
8.86666666666681 -0.412
8.874990000000142 -0.412
8.875000000000142 -0.462
8.883323333333475 -0.462
8.883333333333475 -0.413
8.891656666666808 -0.413
8.891666666666808 -0.463
8.899990000000141 -0.463
8.90000000000014 -0.414
8.908323333333474 -0.414
8.908333333333474 -0.464
8.916656666666807 -0.464
8.916666666666806 -0.415
8.92499000000014 -0.415
8.92500000000014 -0.465
8.933323333333473 -0.465
8.933333333333472 -0.416
8.941656666666805 -0.416
8.941666666666805 -0.466
8.949990000000138 -0.466
8.950000000000138 -0.417
8.958323333333471 -0.417
8.95833333333347 -0.467
8.966656666666804 -0.467
8.966666666666804 -0.418
8.974990000000137 -0.418
8.975000000000136 -0.468
8.98332333333347 -0.468
8.98333333333347 -0.419
8.991656666666803 -0.419
8.991666666666802 -0.469
8.999990000000135 -0.469
9.000000000000135 -0.42
9.008323333333468 -0.42
9.008333333333468 -0.47
9.016656666666801 -0.47
9.0166666666668 -0.421
9.024990000000134 -0.421
9.025000000000134 -0.471
9.033323333333467 -0.471
9.033333333333466 -0.422
9.0416566666668 -0.422
9.0416666666668 -0.472
9.049990000000133 -0.472
9.050000000000132 -0.423
9.058323333333465 -0.423
9.058333333333465 -0.473
9.066656666666798 -0.473
9.066666666666798 -0.424
9.074990000000131 -0.424
9.07500000000013 -0.474
9.083323333333464 -0.474
9.083333333333464 -0.425
9.091656666666797 -0.425
9.091666666666796 -0.475
9.09999000000013 -0.475
9.10000000000013 -0.426
9.108323333333463 -0.426
9.108333333333462 -0.476
9.116656666666795 -0.476
9.116666666666795 -0.427
9.124990000000128 -0.427
9.125000000000128 -0.477
9.133323333333461 -0.477
9.13333333333346 -0.428
9.141656666666794 -0.428
9.141666666666794 -0.478
9.149990000000127 -0.478
9.150000000000126 -0.429
9.15832333333346 -0.429
9.15833333333346 -0.479
9.166656666666793 -0.479
9.166666666666792 -0.43
9.174990000000125 -0.43
9.175000000000125 -0.48
9.183323333333458 -0.48
9.183333333333458 -0.431
9.191656666666791 -0.431
9.19166666666679 -0.481
9.199990000000124 -0.481
9.200000000000124 -0.432
9.208323333333457 -0.432
9.208333333333456 -0.482
9.21665666666679 -0.482
9.21666666666679 -0.433
9.224990000000123 -0.433
9.225000000000122 -0.483
9.233323333333455 -0.483
9.233333333333455 -0.434
9.241656666666788 -0.434
9.241666666666788 -0.484
9.249990000000121 -0.484
9.25000000000012 -0.435
9.258323333333454 -0.435
9.258333333333454 -0.485
9.266656666666787 -0.485
9.266666666666787 -0.436
9.27499000000012 -0.436
9.27500000000012 -0.486
9.283323333333453 -0.486
9.283333333333452 -0.437
9.291656666666785 -0.437
9.291666666666785 -0.487
9.299990000000118 -0.487
9.300000000000118 -0.438
9.308323333333451 -0.438
9.30833333333345 -0.488
9.316656666666784 -0.488
9.316666666666784 -0.439
9.324990000000117 -0.439
9.325000000000117 -0.489
9.33332333333345 -0.489
9.33333333333345 -0.44
9.341656666666783 -0.44
9.341666666666782 -0.49
9.349990000000115 -0.49
9.350000000000115 -0.441
9.358323333333448 -0.441
9.358333333333448 -0.491
9.366656666666781 -0.491
9.36666666666678 -0.442
9.374990000000114 -0.442
9.375000000000114 -0.492
9.383323333333447 -0.492
9.383333333333447 -0.443
9.39165666666678 -0.443
9.39166666666678 -0.493
9.399990000000113 -0.493
9.400000000000112 -0.444
9.408323333333446 -0.444
9.408333333333445 -0.494
9.416656666666778 -0.494
9.416666666666778 -0.445
9.424990000000111 -0.445
9.42500000000011 -0.495
9.433323333333444 -0.495
9.433333333333444 -0.446
9.441656666666777 -0.446
9.441666666666777 -0.496
9.44999000000011 -0.496
9.45000000000011 -0.447
9.458323333333443 -0.447
9.458333333333442 -0.497
9.466656666666776 -0.497
9.466666666666775 -0.448
9.474990000000108 -0.448
9.475000000000108 -0.498
9.483323333333441 -0.498
9.48333333333344 -0.449
9.491656666666774 -0.449
9.491666666666774 -0.499
9.499990000000107 -0.499
9.500000000000107 -0.45
9.50832333333344 -0.45
9.50833333333344 -0.5
9.516656666666773 -0.5
9.516666666666772 -0.451
9.524990000000106 -0.451
9.525000000000105 -0.501
9.533323333333438 -0.501
9.533333333333438 -0.452
9.541656666666771 -0.452
9.54166666666677 -0.502
9.549990000000104 -0.502
9.550000000000104 -0.453
9.558323333333437 -0.453
9.558333333333437 -0.503
9.56665666666677 -0.503
9.56666666666677 -0.454
9.574990000000103 -0.454
9.575000000000102 -0.504
9.583323333333436 -0.504
9.583333333333435 -0.455
9.591656666666768 -0.455
9.591666666666768 -0.505
9.599990000000101 -0.505
9.600000000000101 -0.456
9.608323333333434 -0.456
9.608333333333434 -0.506
9.616656666666767 -0.506
9.616666666666767 -0.457
9.6249900000001 -0.457
9.6250000000001 -0.507
9.633323333333433 -0.507
9.633333333333432 -0.458
9.641656666666766 -0.458
9.641666666666765 -0.508
9.649990000000098 -0.508
9.650000000000098 -0.459
9.658323333333431 -0.459
9.658333333333431 -0.509
9.666656666666764 -0.509
9.666666666666764 -0.46
9.674990000000097 -0.46
9.675000000000097 -0.51
9.68332333333343 -0.51
9.68333333333343 -0.461
9.691656666666763 -0.461
9.691666666666762 -0.511
9.699990000000096 -0.511
9.700000000000095 -0.462
9.708323333333428 -0.462
9.708333333333428 -0.512
9.716656666666761 -0.512
9.716666666666761 -0.463
9.724990000000094 -0.463
9.725000000000094 -0.513
9.733323333333427 -0.513
9.733333333333427 -0.464
9.74165666666676 -0.464
9.74166666666676 -0.514
9.749990000000093 -0.514
9.750000000000092 -0.465
9.758323333333426 -0.465
9.758333333333425 -0.515
9.766656666666758 -0.515
9.766666666666758 -0.466
9.774990000000091 -0.466
9.775000000000091 -0.516
9.783323333333424 -0.516
9.783333333333424 -0.467
9.791656666666757 -0.467
9.791666666666757 -0.517
9.79999000000009 -0.517
9.80000000000009 -0.468
9.808323333333423 -0.468
9.808333333333422 -0.518
9.816656666666756 -0.518
9.816666666666755 -0.469
9.824990000000088 -0.469
9.825000000000088 -0.519
9.833323333333421 -0.519
9.833333333333421 -0.47
9.841656666666754 -0.47
9.841666666666754 -0.52
9.849990000000087 -0.52
