0 2.025
2.0 2.025
2.39999 2.025
2.4 2.0
2.49999 2.0
2.5 2.026
2.89999 2.026
2.9 2.001
2.99999 2.001
3.0 2.027
3.39999 2.027
3.4 2.002
3.49999 2.002
3.5 2.028
3.89999 2.028
3.9 2.003
3.99999 2.003
4.0 2.029
4.399990000000001 2.029
4.4 2.004
4.49999 2.004
4.5 2.03
4.899990000000001 2.03
4.9 2.005
4.99999 2.005
5.0 2.031
5.399990000000001 2.031
5.4 2.006
5.49999 2.006
5.5 2.032
5.899990000000001 2.032
5.9 2.007
5.99999 2.007
6.0 2.033
6.399990000000001 2.033
6.4 2.008
6.49999 2.008
6.5 2.034
6.899990000000001 2.034
6.9 2.009
6.99999 2.009
7.0 2.035
7.399990000000001 2.035
7.4 2.01
7.49999 2.01
7.5 2.036
7.899990000000001 2.036
7.9 2.011
7.99999 2.011
8.0 2.037
8.39999 2.037
8.4 2.012
8.49999 2.012
8.5 2.038
8.89999 2.038
8.9 2.013
8.99999 2.013
9.0 2.039
9.39999 2.039
9.4 2.014
9.49999 2.014
9.5 2.04
9.89999 2.04
9.9 2.015
9.99999 2.015
10.0 2.041
10.39999 2.041
10.4 2.016
10.49999 2.016
10.5 2.042
10.89999 2.042
10.9 2.017
10.99999 2.017
11.0 2.043
11.39999 2.043
11.4 2.018
11.49999 2.018
11.5 2.044
11.89999 2.044
11.9 2.019
11.99999 2.019
12.0 2.045
12.39999 2.045
12.4 2.02
12.49999 2.02
12.5 2.046
12.89999 2.046
12.9 2.021
12.99999 2.021
13.0 2.047
13.39999 2.047
13.4 2.022
13.49999 2.022
13.5 2.048
13.89999 2.048
13.9 2.023
13.99999 2.023
14.0 2.049
14.39999 2.049
14.4 2.024
14.49999 2.024
14.5 2.05
14.89999 2.05
14.9 2.025
14.99999 2.025
15.0 2.051
15.39999 2.051
15.4 2.026
15.49999 2.026
15.5 2.052
15.89999 2.052
15.9 2.027
15.99999 2.027
16.0 2.053
16.39999 2.053
16.4 2.028
16.49999 2.028
16.5 2.054
16.89999 2.054
16.9 2.029
16.99999 2.029
17.0 2.055
17.39999 2.055
17.4 2.03
17.49999 2.03
17.5 2.056
17.89999 2.056
17.9 2.031
17.99999 2.031
18.0 2.057
18.39999 2.057
18.4 2.032
18.49999 2.032
18.5 2.058
18.89999 2.058
18.9 2.033
18.99999 2.033
19.0 2.059
19.39999 2.059
19.4 2.034
19.49999 2.034
19.5 2.06
19.89999 2.06
19.9 2.035
19.99999 2.035
20.0 2.061
20.39999 2.061
20.4 2.036
20.49999 2.036
20.5 2.062
20.89999 2.062
20.9 2.037
20.99999 2.037
21.0 2.063
21.39999 2.063
21.4 2.038
21.49999 2.038
21.5 2.064
21.89999 2.064
21.9 2.039
21.99999 2.039
22.0 2.065
22.39999 2.065
22.4 2.04
22.49999 2.04
22.5 2.066
22.89999 2.066
22.9 2.041
22.99999 2.041
23.0 2.067
23.39999 2.067
23.4 2.042
23.49999 2.042
23.5 2.068
23.89999 2.068
23.9 2.043
23.99999 2.043
24.0 2.069
24.39999 2.069
24.4 2.044
24.49999 2.044
24.5 2.07
24.89999 2.07
24.9 2.045
24.99999 2.045
25.0 2.071
25.39999 2.071
25.4 2.046
25.49999 2.046
25.5 2.072
25.89999 2.072
25.9 2.047
25.99999 2.047
26.0 2.073
26.39999 2.073
26.4 2.048
26.49999 2.048
26.5 2.074
26.89999 2.074
26.9 2.049
26.99999 2.049
27.0 2.075
27.39999 2.075
27.4 2.05
27.49999 2.05
27.5 2.076
27.89999 2.076
27.9 2.051
27.99999 2.051
28.0 2.077
28.39999 2.077
28.4 2.052
28.49999 2.052
28.5 2.078
28.89999 2.078
28.9 2.053
28.99999 2.053
29.0 2.079
29.39999 2.079
29.4 2.054
29.49999 2.054
29.5 2.08
29.89999 2.08
29.9 2.055
29.99999 2.055
30.0 2.081
30.39999 2.081
30.4 2.056
30.49999 2.056
30.5 2.082
30.89999 2.082
30.9 2.057
30.99999 2.057
31.0 2.083
31.39999 2.083
31.4 2.058
31.49999 2.058
31.5 2.084
31.89999 2.084
31.9 2.059
31.99999 2.059
32.0 2.085
32.399989999999995 2.085
32.4 2.06
32.49999 2.06
32.5 2.086
32.899989999999995 2.086
32.9 2.061
32.99999 2.061
33.0 2.087
33.399989999999995 2.087
33.4 2.062
33.49999 2.062
33.5 2.088
33.899989999999995 2.088
33.9 2.063
33.99999 2.063
34.0 2.089
34.399989999999995 2.089
34.4 2.064
34.49999 2.064
34.5 2.09
34.899989999999995 2.09
34.9 2.065
34.99999 2.065
35.0 2.091
35.399989999999995 2.091
35.4 2.066
35.49999 2.066
35.5 2.092
35.899989999999995 2.092
35.9 2.067
35.99999 2.067
36.0 2.093
36.399989999999995 2.093
36.4 2.068
36.49999 2.068
36.5 2.094
36.899989999999995 2.094
36.9 2.069
36.99999 2.069
37.0 2.095
37.399989999999995 2.095
37.4 2.07
37.49999 2.07
37.5 2.096
37.899989999999995 2.096
37.9 2.071
37.99999 2.071
38.0 2.097
38.399989999999995 2.097
38.4 2.072
38.49999 2.072
38.5 2.098
38.899989999999995 2.098
38.9 2.073
38.99999 2.073
39.0 2.099
39.399989999999995 2.099
39.4 2.074
39.49999 2.074
39.5 2.1
39.899989999999995 2.1
39.9 2.075
39.99999 2.075
40.0 2.101
40.399989999999995 2.101
40.4 2.076
40.49999 2.076
40.5 2.102
40.899989999999995 2.102
40.9 2.077
40.99999 2.077
41.0 2.103
41.399989999999995 2.103
41.4 2.078
41.49999 2.078
41.5 2.104
41.899989999999995 2.104
41.9 2.079
41.99999 2.079
42.0 2.105
42.399989999999995 2.105
42.4 2.08
42.49999 2.08
42.5 2.106
42.899989999999995 2.106
42.9 2.081
42.99999 2.081
43.0 2.107
43.399989999999995 2.107
43.4 2.082
43.49999 2.082
43.5 2.108
43.899989999999995 2.108
43.9 2.083
43.99999 2.083
44.0 2.109
44.399989999999995 2.109
44.4 2.084
44.49999 2.084
44.5 2.11
44.899989999999995 2.11
44.9 2.085
44.99999 2.085
45.0 2.111
45.399989999999995 2.111
45.4 2.086
45.49999 2.086
45.5 2.112
45.899989999999995 2.112
45.9 2.087
45.99999 2.087
46.0 2.113
46.399989999999995 2.113
46.4 2.088
46.49999 2.088
46.5 2.114
46.899989999999995 2.114
46.9 2.089
46.99999 2.089
47.0 2.115
47.399989999999995 2.115
47.4 2.09
47.49999 2.09
47.5 2.116
47.899989999999995 2.116
47.9 2.091
47.99999 2.091
48.0 2.117
48.399989999999995 2.117
48.4 2.092
48.49999 2.092
48.5 2.118
48.899989999999995 2.118
48.9 2.093
48.99999 2.093
49.0 2.1189999999999998
49.399989999999995 2.1189999999999998
49.4 2.094
49.49999 2.094
49.5 2.12
49.899989999999995 2.12
49.9 2.095
49.99999 2.095
50.0 2.121
50.399989999999995 2.121
50.4 2.096
50.49999 2.096
50.5 2.122
50.899989999999995 2.122
50.9 2.097
50.99999 2.097
51.0 2.123
51.399989999999995 2.123
51.4 2.098
51.49999 2.098
51.5 2.124
51.899989999999995 2.124
51.9 2.099
51.99999 2.099
52.0 2.125
52.399989999999995 2.125
52.4 2.1
52.49999 2.1
52.5 2.126
52.899989999999995 2.126
52.9 2.101
52.99999 2.101
53.0 2.127
53.399989999999995 2.127
53.4 2.102
53.49999 2.102
53.5 2.128
53.899989999999995 2.128
53.9 2.103
53.99999 2.103
54.0 2.129
54.399989999999995 2.129
54.4 2.104
54.49999 2.104
54.5 2.13
54.899989999999995 2.13
54.9 2.105
54.99999 2.105
55.0 2.1310000000000002
55.399989999999995 2.1310000000000002
55.4 2.106
55.49999 2.106
55.5 2.132
55.899989999999995 2.132
55.9 2.107
55.99999 2.107
56.0 2.133
56.399989999999995 2.133
56.4 2.108
56.49999 2.108
56.5 2.134
56.899989999999995 2.134
56.9 2.109
56.99999 2.109
57.0 2.135
57.399989999999995 2.135
57.4 2.11
57.49999 2.11
57.5 2.136
57.899989999999995 2.136
57.9 2.111
57.99999 2.111
58.0 2.137
58.399989999999995 2.137
58.4 2.112
58.49999 2.112
58.5 2.138
58.899989999999995 2.138
58.9 2.113
58.99999 2.113
59.0 2.1390000000000002
59.399989999999995 2.1390000000000002
59.4 2.114
59.49999 2.114
59.5 2.14
59.899989999999995 2.14
59.9 2.115
59.99999 2.115
60.0 2.141
60.399989999999995 2.141
60.4 2.116
60.49999 2.116
60.5 2.142
60.899989999999995 2.142
60.9 2.117
60.99999 2.117
61.0 2.143
61.399989999999995 2.143
61.4 2.118
61.49999 2.118
61.5 2.144
61.899989999999995 2.144
61.9 2.1189999999999998
61.99999 2.1189999999999998
62.0 2.145
62.399989999999995 2.145
62.4 2.12
62.49999 2.12
62.5 2.146
62.899989999999995 2.146
62.9 2.121
62.99999 2.121
63.0 2.147
63.399989999999995 2.147
63.4 2.122
63.49999 2.122
63.5 2.148
63.899989999999995 2.148
63.9 2.123
63.99999 2.123
64.0 2.149
64.39999 2.149
64.4 2.124
64.49999 2.124
64.5 2.15
64.89999 2.15
64.9 2.125
64.99999 2.125
65.0 2.151
65.39999 2.151
65.4 2.126
65.49999 2.126
65.5 2.152
65.89999 2.152
65.9 2.127
65.99999 2.127
66.0 2.153
66.39999 2.153
66.4 2.128
66.49999 2.128
66.5 2.154
66.89999 2.154
66.9 2.129
66.99999 2.129
67.0 2.155
67.39999 2.155
67.4 2.13
67.49999 2.13
67.5 2.156
67.89999 2.156
67.9 2.1310000000000002
67.99999 2.1310000000000002
68.0 2.157
68.39999 2.157
68.4 2.132
68.49999 2.132
68.5 2.158
68.89999 2.158
68.9 2.133
68.99999 2.133
69.0 2.159
69.39999 2.159
69.4 2.134
69.49999 2.134
69.5 2.16
69.89999 2.16
69.9 2.135
69.99999 2.135
70.0 2.161
70.39999 2.161
70.4 2.136
70.49999 2.136
70.5 2.162
70.89999 2.162
70.9 2.137
70.99999 2.137
71.0 2.163
71.39999 2.163
71.4 2.138
71.49999 2.138
71.5 2.164
71.89999 2.164
71.9 2.1390000000000002
71.99999 2.1390000000000002
72.0 2.165
72.39999 2.165
72.4 2.14
72.49999 2.14
72.5 2.166
72.89999 2.166
72.9 2.141
72.99999 2.141
73.0 2.167
73.39999 2.167
73.4 2.142
73.49999 2.142
73.5 2.168
73.89999 2.168
73.9 2.143
73.99999 2.143
74.0 2.169
74.39999 2.169
74.4 2.144
74.49999 2.144
74.5 2.17
74.89999 2.17
74.9 2.145
74.99999 2.145
75.0 2.171
75.39999 2.171
75.4 2.146
75.49999 2.146
75.5 2.172
75.89999 2.172
75.9 2.147
75.99999 2.147
76.0 2.173
76.39999 2.173
76.4 2.148
76.49999 2.148
76.5 2.174
76.89999 2.174
76.9 2.149
76.99999 2.149
77.0 2.175
77.39999 2.175
77.4 2.15
77.49999 2.15
77.5 2.176
77.89999 2.176
77.9 2.151
77.99999 2.151
78.0 2.177
78.39999 2.177
78.4 2.152
78.49999 2.152
78.5 2.178
78.89999 2.178
78.9 2.153
78.99999 2.153
79.0 2.179
79.39999 2.179
79.4 2.154
79.49999 2.154
79.5 2.18
79.89999 2.18
79.9 2.155
79.99999 2.155
80.0 2.181
80.39999 2.181
80.4 2.156
80.49999 2.156
80.5 2.182
80.89999 2.182
80.9 2.157
80.99999 2.157
81.0 2.183
81.39999 2.183
81.4 2.158
81.49999 2.158
81.5 2.184
81.89999 2.184
81.9 2.159
81.99999 2.159
82.0 2.185
82.39999 2.185
82.4 2.16
82.49999 2.16
82.5 2.186
82.89999 2.186
82.9 2.161
82.99999 2.161
83.0 2.187
83.39999 2.187
83.4 2.162
83.49999 2.162
83.5 2.188
83.89999 2.188
83.9 2.163
83.99999 2.163
84.0 2.189
84.39999 2.189
84.4 2.164
84.49999 2.164
84.5 2.19
84.89999 2.19
84.9 2.165
84.99999 2.165
85.0 2.191
85.39999 2.191
85.4 2.166
85.49999 2.166
85.5 2.192
85.89999 2.192
85.9 2.167
85.99999 2.167
86.0 2.193
86.39999 2.193
86.4 2.168
86.49999 2.168
86.5 2.194
86.89999 2.194
86.9 2.169
86.99999 2.169
87.0 2.195
87.39999 2.195
87.4 2.17
87.49999 2.17
87.5 2.196
87.89999 2.196
87.9 2.171
87.99999 2.171
88.0 2.197
88.39999 2.197
88.4 2.172
88.49999 2.172
88.5 2.198
88.89999 2.198
88.9 2.173
88.99999 2.173
89.0 2.199
89.39999 2.199
89.4 2.174
89.49999 2.174
89.5 2.2
89.89999 2.2
89.9 2.175
89.99999 2.175
90.0 2.201
90.39999 2.201
90.4 2.176
90.49999 2.176
90.5 2.202
90.89999 2.202
90.9 2.177
90.99999 2.177
91.0 2.203
91.39999 2.203
91.4 2.178
91.49999 2.178
91.5 2.204
91.89999 2.204
91.9 2.179
91.99999 2.179
92.0 2.205
92.39999 2.205
92.4 2.18
92.49999 2.18
92.5 2.206
92.89999 2.206
92.9 2.181
92.99999 2.181
93.0 2.207
93.39999 2.207
93.4 2.182
93.49999 2.182
93.5 2.208
93.89999 2.208
93.9 2.183
93.99999 2.183
94.0 2.209
94.39999 2.209
94.4 2.184
94.49999 2.184
94.5 2.21
94.89999 2.21
94.9 2.185
94.99999 2.185
95.0 2.211
95.39999 2.211
95.4 2.186
95.49999 2.186
95.5 2.212
95.89999 2.212
95.9 2.187
95.99999 2.187
96.0 2.213
96.39999 2.213
96.4 2.188
96.49999 2.188
96.5 2.214
96.89999 2.214
96.9 2.189
96.99999 2.189
97.0 2.215
97.39999 2.215
97.4 2.19
97.49999 2.19
97.5 2.216
97.89999 2.216
97.9 2.191
97.99999 2.191
98.0 2.217
98.39999 2.217
98.4 2.192
98.49999 2.192
98.5 2.218
98.89999 2.218
98.9 2.193
98.99999 2.193
99.0 2.219
99.39999 2.219
99.4 2.194
99.49999 2.194
99.5 2.22
99.89999 2.22
99.9 2.195
99.99999 2.195
100.0 2.221
100.39999 2.221
100.4 2.196
100.49999 2.196
100.5 2.222
100.89999 2.222
100.9 2.197
100.99999 2.197
101.0 2.223
101.39999 2.223
101.4 2.198
101.49999 2.198
101.5 2.224
101.89999 2.224
101.9 2.199
101.99999 2.199
102.0 2.225
102.39999 2.225
102.4 2.2
102.49999 2.2
102.5 2.226
102.89999 2.226
102.9 2.201
102.99999 2.201
103.0 2.227
103.39999 2.227
103.4 2.202
103.49999 2.202
103.5 2.228
103.89999 2.228
103.9 2.203
103.99999 2.203
104.0 2.229
104.39999 2.229
104.4 2.204
104.49999 2.204
104.5 2.23
104.89999 2.23
104.9 2.205
104.99999 2.205
105.0 2.231
105.39999 2.231
105.4 2.206
105.49999 2.206
105.5 2.232
105.89999 2.232
105.9 2.207
105.99999 2.207
106.0 2.233
106.39999 2.233
106.4 2.208
106.49999 2.208
106.5 2.234
106.89999 2.234
106.9 2.209
106.99999 2.209
107.0 2.235
107.39999 2.235
107.4 2.21
107.49999 2.21
107.5 2.2359999999999998
107.89999 2.2359999999999998
107.9 2.211
107.99999 2.211
108.0 2.237
108.39999 2.237
108.4 2.212
108.49999 2.212
108.5 2.238
108.89999 2.238
108.9 2.213
108.99999 2.213
109.0 2.239
109.39999 2.239
109.4 2.214
109.49999 2.214
109.5 2.24
109.89999 2.24
109.9 2.215
109.99999 2.215
110.0 2.241
110.39999 2.241
110.4 2.216
110.49999 2.216
110.5 2.242
110.89999 2.242
110.9 2.217
110.99999 2.217
111.0 2.243
111.39999 2.243
111.4 2.218
111.49999 2.218
111.5 2.2439999999999998
111.89999 2.2439999999999998
111.9 2.219
111.99999 2.219
112.0 2.245
112.39999 2.245
112.4 2.22
112.49999 2.22
112.5 2.246
112.89999 2.246
112.9 2.221
112.99999 2.221
113.0 2.247
113.39999 2.247
113.4 2.222
113.49999 2.222
113.5 2.248
113.89999 2.248
113.9 2.223
113.99999 2.223
114.0 2.249
114.39999 2.249
114.4 2.224
114.49999 2.224
114.5 2.25
114.89999 2.25
114.9 2.225
114.99999 2.225
115.0 2.251
115.39999 2.251
115.4 2.226
115.49999 2.226
115.5 2.252
115.89999 2.252
115.9 2.227
115.99999 2.227
116.0 2.253
116.39999 2.253
116.4 2.228
116.49999 2.228
116.5 2.254
116.89999 2.254
116.9 2.229
116.99999 2.229
117.0 2.255
117.39999 2.255
117.4 2.23
117.49999 2.23
117.5 2.2560000000000002
117.89999 2.2560000000000002
117.9 2.231
117.99999 2.231
118.0 2.257
118.39999 2.257
118.4 2.232
118.49999 2.232
118.5 2.258
118.89999 2.258
118.9 2.233
118.99999 2.233
119.0 2.259
119.39999 2.259
119.4 2.234
119.49999 2.234
119.5 2.26
119.89999 2.26
119.9 2.235
119.99999 2.235
120.0 2.261
120.39999 2.261
120.4 2.2359999999999998
120.49999 2.2359999999999998
120.5 2.262
120.89999 2.262
120.9 2.237
120.99999 2.237
121.0 2.263
121.39999 2.263
121.4 2.238
121.49999 2.238
121.5 2.2640000000000002
121.89999 2.2640000000000002
121.9 2.239
121.99999 2.239
122.0 2.265
122.39999 2.265
122.4 2.24
122.49999 2.24
122.5 2.266
122.89999 2.266
122.9 2.241
122.99999 2.241
123.0 2.267
123.39999 2.267
123.4 2.242
123.49999 2.242
123.5 2.268
123.89999 2.268
123.9 2.243
123.99999 2.243
124.0 2.269
124.39999 2.269
124.4 2.2439999999999998
124.49999 2.2439999999999998
124.5 2.27
124.89999 2.27
124.9 2.245
124.99999 2.245
125.0 2.271
125.39999 2.271
125.4 2.246
125.49999 2.246
125.5 2.2720000000000002
125.89999 2.2720000000000002
125.9 2.247
125.99999 2.247
126.0 2.273
126.39999 2.273
126.4 2.248
126.49999 2.248
126.5 2.274
126.89999 2.274
126.9 2.249
126.99999 2.249
127.0 2.275
127.39999 2.275
127.4 2.25
127.49999 2.25
127.5 2.276
127.89999 2.276
127.9 2.251
127.99999 2.251
128.0 2.277
128.39999 2.277
128.4 2.252
128.49999 2.252
128.5 2.278
128.89999 2.278
128.9 2.253
128.99999 2.253
129.0 2.279
129.39999 2.279
129.4 2.254
129.49999 2.254
129.5 2.2800000000000002
129.89999 2.2800000000000002
129.9 2.255
129.99999 2.255
130.0 2.281
130.39999 2.281
130.4 2.2560000000000002
130.49999 2.2560000000000002
130.5 2.282
130.89999 2.282
130.9 2.257
130.99999 2.257
131.0 2.283
131.39999 2.283
131.4 2.258
131.49999 2.258
131.5 2.284
131.89999 2.284
131.9 2.259
131.99999 2.259
132.0 2.285
132.39999 2.285
132.4 2.26
132.49999 2.26
132.5 2.286
132.89999 2.286
132.9 2.261
132.99999 2.261
133.0 2.287
133.39999 2.287
133.4 2.262
133.49999 2.262
133.5 2.288
133.89999 2.288
133.9 2.263
133.99999 2.263
134.0 2.289
134.39999 2.289
134.4 2.2640000000000002
134.49999 2.2640000000000002
134.5 2.29
134.89999 2.29
134.9 2.265
134.99999 2.265
135.0 2.291
135.39999 2.291
135.4 2.266
135.49999 2.266
135.5 2.292
135.89999 2.292
135.9 2.267
135.99999 2.267
136.0 2.293
136.39999 2.293
136.4 2.268
136.49999 2.268
136.5 2.294
136.89999 2.294
136.9 2.269
136.99999 2.269
137.0 2.295
137.39999 2.295
137.4 2.27
137.49999 2.27
137.5 2.296
137.89999 2.296
137.9 2.271
137.99999 2.271
138.0 2.297
138.39999 2.297
138.4 2.2720000000000002
138.49999 2.2720000000000002
138.5 2.298
138.89999 2.298
138.9 2.273
138.99999 2.273
139.0 2.299
139.39999 2.299
139.4 2.274
139.49999 2.274
139.5 2.3
139.89999 2.3
139.9 2.275
139.99999 2.275
140.0 2.301
140.39999 2.301
140.4 2.276
140.49999 2.276
140.5 2.302
140.89999 2.302
140.9 2.277
140.99999 2.277
141.0 2.303
141.39999 2.303
141.4 2.278
141.49999 2.278
141.5 2.304
141.89999 2.304
141.9 2.279
141.99999 2.279
142.0 2.305
142.39999 2.305
142.4 2.2800000000000002
142.49999 2.2800000000000002
142.5 2.306
142.89999 2.306
142.9 2.281
142.99999 2.281
143.0 2.307
143.39999 2.307
143.4 2.282
143.49999 2.282
143.5 2.308
143.89999 2.308
143.9 2.283
143.99999 2.283
144.0 2.309
144.39999 2.309
144.4 2.284
144.49999 2.284
144.5 2.31
144.89999 2.31
144.9 2.285
144.99999 2.285
145.0 2.311
145.39999 2.311
145.4 2.286
145.49999 2.286
145.5 2.312
145.89999 2.312
145.9 2.287
145.99999 2.287
146.0 2.313
146.39999 2.313
146.4 2.288
146.49999 2.288
146.5 2.314
146.89999 2.314
146.9 2.289
146.99999 2.289
147.0 2.315
147.39999 2.315
147.4 2.29
147.49999 2.29
147.5 2.316
147.89999 2.316
147.9 2.291
147.99999 2.291
148.0 2.317
148.39999 2.317
148.4 2.292
148.49999 2.292
148.5 2.318
148.89999 2.318
148.9 2.293
148.99999 2.293
149.0 2.319
149.39999 2.319
149.4 2.294
149.49999 2.294
149.5 2.32
149.89999 2.32
149.9 2.295
149.99999 2.295
150.0 2.321
150.39999 2.321
150.4 2.296
150.49999 2.296
150.5 2.322
150.89999 2.322
150.9 2.297
150.99999 2.297
151.0 2.323
151.39999 2.323
151.4 2.298
151.49999 2.298
151.5 2.324
151.89999 2.324
151.9 2.299
151.99999 2.299
152.0 2.325
152.39999 2.325
152.4 2.3
152.49999 2.3
152.5 2.326
152.89999 2.326
152.9 2.301
152.99999 2.301
153.0 2.327
153.39999 2.327
153.4 2.302
153.49999 2.302
153.5 2.328
153.89999 2.328
153.9 2.303
153.99999 2.303
154.0 2.329
154.39999 2.329
154.4 2.304
154.49999 2.304
154.5 2.33
154.89999 2.33
154.9 2.305
154.99999 2.305
155.0 2.331
155.39999 2.331
155.4 2.306
155.49999 2.306
155.5 2.332
155.89999 2.332
155.9 2.307
155.99999 2.307
156.0 2.333
156.39999 2.333
156.4 2.308
156.49999 2.308
156.5 2.334
156.89999 2.334
156.9 2.309
156.99999 2.309
157.0 2.335
157.39999 2.335
157.4 2.31
157.49999 2.31
157.5 2.336
157.89999 2.336
157.9 2.311
157.99999 2.311
158.0 2.337
158.39999 2.337
158.4 2.312
158.49999 2.312
158.5 2.338
158.89999 2.338
158.9 2.313
158.99999 2.313
159.0 2.339
159.39999 2.339
159.4 2.314
159.49999 2.314
159.5 2.34
159.89999 2.34
159.9 2.315
159.99999 2.315
160.0 2.341
160.39999 2.341
160.4 2.316
160.49999 2.316
160.5 2.342
160.89999 2.342
160.9 2.317
160.99999 2.317
161.0 2.343
161.39999 2.343
161.4 2.318
161.49999 2.318
161.5 2.344
161.89999 2.344
161.9 2.319
161.99999 2.319
162.0 2.3449999999999998
162.39999 2.3449999999999998
162.4 2.32
162.49999 2.32
162.5 2.346
162.89999 2.346
162.9 2.321
162.99999 2.321
163.0 2.347
163.39999 2.347
163.4 2.322
163.49999 2.322
163.5 2.348
163.89999 2.348
163.9 2.323
163.99999 2.323
164.0 2.349
164.39999 2.349
164.4 2.324
164.49999 2.324
164.5 2.35
164.89999 2.35
164.9 2.325
164.99999 2.325
165.0 2.351
165.39999 2.351
165.4 2.326
165.49999 2.326
165.5 2.352
165.89999 2.352
165.9 2.327
165.99999 2.327
166.0 2.3529999999999998
166.39999 2.3529999999999998
166.4 2.328
166.49999 2.328
166.5 2.354
166.89999 2.354
166.9 2.329
166.99999 2.329
167.0 2.355
167.39999 2.355
167.4 2.33
167.49999 2.33
167.5 2.356
167.89999 2.356
167.9 2.331
167.99999 2.331
168.0 2.357
168.39999 2.357
168.4 2.332
168.49999 2.332
168.5 2.358
168.89999 2.358
168.9 2.333
168.99999 2.333
169.0 2.359
169.39999 2.359
169.4 2.334
169.49999 2.334
169.5 2.36
169.89999 2.36
169.9 2.335
169.99999 2.335
170.0 2.3609999999999998
170.39999 2.3609999999999998
170.4 2.336
170.49999 2.336
170.5 2.362
170.89999 2.362
170.9 2.337
170.99999 2.337
171.0 2.363
171.39999 2.363
171.4 2.338
171.49999 2.338
171.5 2.364
171.89999 2.364
171.9 2.339
171.99999 2.339
172.0 2.365
172.39999 2.365
172.4 2.34
172.49999 2.34
172.5 2.366
172.89999 2.366
172.9 2.341
172.99999 2.341
173.0 2.367
173.39999 2.367
173.4 2.342
173.49999 2.342
173.5 2.368
173.89999 2.368
173.9 2.343
173.99999 2.343
174.0 2.3689999999999998
174.39999 2.3689999999999998
174.4 2.344
174.49999 2.344
174.5 2.37
174.89999 2.37
174.9 2.3449999999999998
174.99999 2.3449999999999998
175.0 2.371
175.39999 2.371
175.4 2.346
175.49999 2.346
175.5 2.372
175.89999 2.372
175.9 2.347
175.99999 2.347
176.0 2.373
176.39999 2.373
176.4 2.348
176.49999 2.348
176.5 2.374
176.89999 2.374
176.9 2.349
176.99999 2.349
177.0 2.375
177.39999 2.375
177.4 2.35
177.49999 2.35
177.5 2.376
177.89999 2.376
177.9 2.351
177.99999 2.351
178.0 2.377
178.39999 2.377
178.4 2.352
178.49999 2.352
178.5 2.378
178.89999 2.378
178.9 2.3529999999999998
178.99999 2.3529999999999998
179.0 2.379
179.39999 2.379
179.4 2.354
179.49999 2.354
179.5 2.38
179.89999 2.38
179.9 2.355
179.99999 2.355
180.0 2.3810000000000002
180.39999 2.3810000000000002
180.4 2.356
180.49999 2.356
180.5 2.382
180.89999 2.382
180.9 2.357
180.99999 2.357
181.0 2.383
181.39999 2.383
181.4 2.358
181.49999 2.358
181.5 2.384
181.89999 2.384
181.9 2.359
181.99999 2.359
182.0 2.385
182.39999 2.385
182.4 2.36
182.49999 2.36
182.5 2.386
182.89999 2.386
182.9 2.3609999999999998
182.99999 2.3609999999999998
183.0 2.387
183.39999 2.387
183.4 2.362
183.49999 2.362
183.5 2.388
183.89999 2.388
183.9 2.363
183.99999 2.363
184.0 2.3890000000000002
184.39999 2.3890000000000002
184.4 2.364
184.49999 2.364
184.5 2.39
184.89999 2.39
184.9 2.365
184.99999 2.365
185.0 2.391
185.39999 2.391
185.4 2.366
185.49999 2.366
185.5 2.392
185.89999 2.392
185.9 2.367
185.99999 2.367
186.0 2.393
186.39999 2.393
186.4 2.368
186.49999 2.368
186.5 2.394
186.89999 2.394
186.9 2.3689999999999998
186.99999 2.3689999999999998
187.0 2.395
187.39999 2.395
187.4 2.37
187.49999 2.37
187.5 2.396
187.89999 2.396
187.9 2.371
187.99999 2.371
188.0 2.3970000000000002
188.39999 2.3970000000000002
188.4 2.372
188.49999 2.372
188.5 2.398
188.89999 2.398
188.9 2.373
188.99999 2.373
189.0 2.399
189.39999 2.399
189.4 2.374
189.49999 2.374
189.5 2.4
189.89999 2.4
189.9 2.375
189.99999 2.375
190.0 2.401
190.39999 2.401
190.4 2.376
190.49999 2.376
190.5 2.402
190.89999 2.402
190.9 2.377
190.99999 2.377
191.0 2.403
191.39999 2.403
191.4 2.378
191.49999 2.378
191.5 2.404
191.89999 2.404
191.9 2.379
191.99999 2.379
192.0 2.4050000000000002
192.39999 2.4050000000000002
192.4 2.38
192.49999 2.38
192.5 2.406
192.89999 2.406
192.9 2.3810000000000002
192.99999 2.3810000000000002
193.0 2.407
193.39999 2.407
193.4 2.382
193.49999 2.382
193.5 2.408
193.89999 2.408
193.9 2.383
193.99999 2.383
194.0 2.409
194.39999 2.409
194.4 2.384
194.49999 2.384
194.5 2.41
194.89999 2.41
194.9 2.385
194.99999 2.385
195.0 2.411
195.39999 2.411
195.4 2.386
195.49999 2.386
195.5 2.412
195.89999 2.412
195.9 2.387
195.99999 2.387
196.0 2.413
196.39999 2.413
196.4 2.388
196.49999 2.388
196.5 2.414
196.89999 2.414
196.9 2.3890000000000002
196.99999 2.3890000000000002
197.0 2.415
197.39999 2.415
197.4 2.39
197.49999 2.39
197.5 2.416
197.89999 2.416
197.9 2.391
197.99999 2.391
198.0 2.417
198.39999 2.417
198.4 2.392
198.49999 2.392
198.5 2.418
198.89999 2.418
198.9 2.393
198.99999 2.393
199.0 2.419
199.39999 2.419
199.4 2.394
199.49999 2.394
199.5 2.42
199.89999 2.42
199.9 2.395
199.99999 2.395
200.0 2.421
200.39999 2.421
200.4 2.396
200.49999 2.396
200.5 2.422
200.89999 2.422
200.9 2.3970000000000002
200.99999 2.3970000000000002
201.0 2.423
201.39999 2.423
201.4 2.398
201.49999 2.398
201.5 2.424
201.89999 2.424
201.9 2.399
201.99999 2.399
202.0 2.425
202.39999 2.425
202.4 2.4
202.49999 2.4
